$runtype
which=0
/

$params
Elo=1000d0
Ehi=1200d0
dE=0.01d0
Broadtype=1
FWHM=3.0d0
/

PEAKS
1014.3111 0.0001096806
1015.1427 0.0036462475
1019.1076 0.0002742838
1019.3403 0.0000053163
1019.8006 0.0000346495
1021.0389 0.0166138601
1023.1859 0.0000136924
1024.8891 0.0000212715
1026.7318 0.0000097263
1028.5754 0.0006246346
1028.7055 0.0011381696
1029.6719 0.0000465742
1033.6193 0.0000093213
1033.8716 0.0000102584
1037.5317 0.0002876635
1037.7031 0.0001286236
1037.9794 0.0000000172
1038.2303 0.0000554490
1039.4192 0.0001714586
1040.7255 0.0004050295
1041.8526 0.0002590306
1047.7485 0.0003286659
1047.7959 0.0014984701
1048.5494 0.0001037450
1048.9062 0.0000825733
1049.4327 0.0035423034
1051.9114 0.0000357142
1054.4715 0.0000049988
1054.9720 0.0000036223
1055.2571 0.0000125566
1058.7843 0.0000107161
1060.1569 0.0000009764
1061.2354 0.0000001398
1063.0258 0.0000050341
1074.3204 0.0067939759
1080.6655 0.0141795378
1083.9634 0.0000422494
1084.1049 0.0000282994
1090.9558 0.0000012639
1093.3599 0.0000038098
1106.6071 0.0069396304
1110.8248 0.0108178438
1114.2542 0.0000062051
1114.9198 0.0000364796
1116.0779 0.0000621925
1116.5828 0.0000632338
1123.3798 0.0000002925
1125.2903 0.0000010883
