$runtype
which=0
/

$params
Elo=500d0
Ehi=615d0
dE=0.01d0
Broadtype=1
FWHM=1.0d0
/

PEAKS
518.9105 0.0084088726
520.6498 0.0181964418
521.0917 0.0044906233
521.6195 0.0089857515
522.2658 0.0037051549
523.1470 0.0053893704
524.7684 0.0041534115
525.1085 0.0111479431
525.8873 0.0004553075
526.1077 0.0025511775
526.7901 0.0035307019
526.8586 0.0062384740
527.3103 0.0117710657
527.3713 0.0025368451
527.5236 0.0020105895
527.8459 0.0030698123
528.0052 0.0053342584
528.7201 0.0065396588
528.9032 0.0046087589
529.2646 0.0013154550
530.3597 0.0040048063
530.5572 0.0009868994
531.0804 0.0008027961
531.4866 0.0021979795
531.6465 0.0026084734
532.1771 0.0005507306
532.9777 0.0002491264
533.2607 0.0002962814
533.9716 0.0002593104
534.9849 0.0005100132
535.8967 0.0014947858
536.6397 0.0035917367
536.9502 0.0018211586
537.2995 0.0008271557
537.8928 0.0014800404
538.6736 0.0011313748
539.4144 0.0008257410
539.8859 0.0014527248
540.0867 0.0023056160
540.4675 0.0000968368
540.9564 0.0051709200
541.0798 0.0053349006
541.8816 0.0015443327
542.5799 0.0028191347
543.2326 0.0001316464
543.8077 0.0009122007
544.3893 0.0012080328
545.1674 0.0022831229
546.3150 0.0071016084
546.7896 0.0017838107
547.2702 0.0089031178
547.9292 0.0013020917
548.0215 0.0006605104
548.8077 0.0062452085
549.5094 0.0025562998
549.6679 0.0036792400
549.7063 0.0036839483
550.2129 0.0099554023
551.4541 0.0011481232
552.6793 0.0038444035
553.0212 0.0039355381
553.6063 0.0016245509
554.2867 0.0144649382
554.5137 0.0179302083
555.2934 0.0006915580
555.6041 0.0086730264
557.0661 0.0021024498
557.5675 0.0023159040
557.8430 0.0000980049
557.9711 0.0001905100
559.5709 0.0057214856
560.5620 0.0034523621
560.9971 0.0041665503
561.4459 0.0038877006
561.8341 0.0003804972
562.2728 0.0009065248
562.4632 0.0019736688
562.7813 0.0013799580
562.9953 0.0022628020
564.3537 0.0042965381
565.0836 0.0016895640
565.4923 0.0020867112
565.8879 0.0015087711
566.3788 0.0020220913
566.6477 0.0002480410
567.0576 0.0012832351
567.2774 0.0006409642
567.4350 0.0012586846
567.6386 0.0041820863
568.6813 0.0038167741
568.7879 0.0005124748
569.2803 0.0012500952
569.9196 0.0003070970
570.0160 0.0002202311
570.0165 0.0024098547
570.8019 0.0017648823
570.9184 0.0009969795
572.1220 0.0007365734
572.8082 0.0010653511
573.2620 0.0005817225
573.9570 0.0023131613
574.1156 0.0007414514
574.5048 0.0001290025
575.2210 0.0001832820
575.6294 0.0000457537
575.9624 0.0000573163
576.5544 0.0004888206
577.8704 0.0017886358
578.9662 0.0002545165
579.4883 0.0005454084
581.3890 0.0022417130
582.4925 0.0002607923
583.0782 0.0005211499
583.8092 0.0035668739
583.9838 0.0013700277
584.6777 0.0013650041
585.0380 0.0023217756
585.4595 0.0051811731
585.8068 0.0002738430
587.6398 0.0025901965
587.9311 0.0028933551
588.7811 0.0004242547
589.4429 0.0003743411
590.6105 0.0004261343
591.4613 0.0014616607
591.9217 0.0015050869
592.3049 0.0001095349
592.5006 0.0003131363
593.2182 0.0018788593
593.7320 0.0002434627
594.1662 0.0008527539
594.7694 0.0005936467
595.1302 0.0000739542
596.2608 0.0024399949
597.8709 0.0001840604
598.5769 0.0000490447
599.1961 0.0001675122
599.5812 0.0040809054
599.9226 0.0003538028
600.9556 0.0015398283
601.4603 0.0007958956
601.9769 0.0025448408
604.2681 0.0026496705
604.7115 0.0001073535
605.6931 0.0026683037
607.1283 0.0000534264
608.5096 0.0006194185
609.4366 0.0001278467
609.7772 0.0033662845
610.5556 0.0019981220
