$runtype
which=0
/

$params
Elo=1000d0
Ehi=1200d0
dE=0.01d0
Broadtype=1
FWHM=3.0d0
/

PEAKS
1011.3114 0.0067406252
1011.8867 0.0000100371
1012.4628 0.0156390742
1014.7547 0.0020275006
1016.4934 0.0009096317
1018.2616 0.0000678944
1018.9911 0.0000052171
1019.3516 0.0000096812
1020.6961 0.0005797041
1021.4798 0.0000014135
1022.4279 0.0000158865
1022.9407 0.0000220929
1023.3217 0.0000910781
1024.7102 0.0001967308
1028.2243 0.0000930303
1029.3943 0.0000035059
1029.6285 0.0000008250
1030.2716 0.0002364911
1032.0537 0.0106023546
1032.4869 0.0014936757
1033.9704 0.0072588173
1036.1893 0.0020262811
1036.5068 0.0008205439
1038.6472 0.0035411200
1038.8180 0.0002715861
1041.3169 0.0000123533
1043.8896 0.0000002592
1044.0082 0.0000115363
1044.8509 0.0000236281
1045.1568 0.0001029479
1045.5648 0.0003703276
1046.1572 0.0000054089
1046.5578 0.0000873295
1047.6352 0.0002259355
1049.1400 0.0000817050
1050.0294 0.0006275972
1050.3929 0.0000236810
1050.5159 0.0000077751
1051.3040 0.0000786607
1052.0619 0.0014298560
1052.6348 0.0003439958
1053.5819 0.0000120387
1055.9887 0.0015972238
1056.5483 0.0000212929
1058.4863 0.0013287145
1060.7918 0.0029637110
1062.1794 0.0004772382
1066.0263 0.0007309105
1079.1060 0.0000130570
1080.3193 0.0022855741
1082.2074 0.0000785809
1082.6449 0.0010568456
1083.2903 0.0001871435
1086.4201 0.0000036892
1087.1324 0.0000042566
1095.9943 0.0111674492
1105.4014 0.0072617757
1108.5650 0.0106811595
1115.0644 0.0000072185
1115.2089 0.0000733902
1116.2335 0.0000023952
1117.1103 0.0000998921
1118.2358 0.0000008065
1120.0897 0.0002575486
1121.3583 0.0001823669
1126.1272 0.0000480022
1126.1725 0.0000164134
1126.7946 0.0002711121
