$runtype
which=0
/

$params
Elo=500d0
Ehi=615d0
dE=0.01d0
Broadtype=1
FWHM=1.0d0
/

PEAKS
518.1284 0.0023421229
519.4891 0.0037234623
519.8078 0.0060849583
520.4586 0.0018387431
520.9494 0.0015365785
521.5812 0.0032838794
522.3366 0.0078030202
523.0090 0.0013357555
523.7642 0.0067740486
524.0804 0.0043220085
524.3852 0.0003116747
524.7496 0.0034865153
525.0912 0.0092475663
525.6031 0.0058217480
525.6978 0.0052794951
526.1104 0.0089411114
526.2603 0.0026449587
526.4926 0.0028082997
526.7277 0.0003580028
526.9133 0.0071657825
527.1918 0.0014114138
527.2714 0.0020252711
527.6661 0.0103874931
527.6912 0.0034810937
528.0418 0.0013125780
528.7661 0.0008056235
528.9534 0.0005714486
529.1865 0.0029141653
529.8345 0.0013697877
530.5060 0.0006512372
530.9030 0.0010023556
531.3537 0.0007246607
531.9978 0.0010278468
532.0259 0.0012767806
532.7191 0.0019449348
533.4147 0.0003497584
533.5414 0.0025760970
534.1830 0.0006670549
534.6966 0.0005821906
535.1103 0.0000619629
535.7237 0.0004378033
536.1817 0.0027903553
536.5495 0.0008292352
536.7188 0.0001654625
537.6558 0.0001511911
537.7631 0.0002984566
538.0163 0.0003493389
538.4207 0.0000848413
538.9074 0.0030466745
539.2958 0.0015602860
539.6028 0.0022836480
539.8534 0.0002959197
540.3228 0.0015129323
540.9300 0.0005949394
541.1637 0.0027452031
541.2415 0.0030069867
541.7718 0.0035930183
542.4529 0.0001051082
542.6685 0.0012399678
543.0102 0.0042999025
543.2350 0.0010965589
543.6376 0.0027340883
544.5802 0.0000811315
545.5241 0.0042801769
546.1656 0.0015021588
546.6031 0.0004755494
546.8392 0.0054809821
547.3023 0.0026035391
547.7559 0.0037116369
548.0565 0.0014541628
548.3962 0.0039007285
548.5925 0.0016101263
548.7895 0.0007649293
549.3420 0.0021485190
549.4714 0.0053739285
549.7887 0.0098835111
550.4446 0.0106856814
551.2067 0.0125400013
551.7649 0.0056094288
552.4332 0.0013081568
552.4558 0.0094958662
552.9260 0.0000427713
553.4065 0.0007785731
554.5491 0.0098979944
555.1076 0.0006463172
555.5988 0.0009605347
556.1934 0.0033830682
556.8665 0.0027381998
557.1028 0.0021689073
557.9807 0.0002753391
558.3639 0.0029463479
558.9300 0.0016350680
559.2909 0.0007773894
559.6135 0.0004419138
560.1102 0.0012161015
560.3541 0.0024624466
560.9248 0.0005380035
561.5872 0.0005886435
561.9516 0.0021195147
562.1419 0.0027040521
562.4084 0.0027411050
562.5274 0.0018569510
562.8921 0.0022952851
563.0824 0.0002180413
563.7929 0.0035714529
564.6682 0.0003692253
565.0666 0.0010534126
565.2769 0.0018036205
565.6197 0.0001098697
565.8416 0.0004518975
566.1421 0.0008200567
566.5615 0.0020322208
566.7501 0.0025363202
566.9786 0.0022448719
567.6063 0.0006501109
567.9274 0.0004352045
568.0770 0.0009469647
568.3897 0.0003123797
568.7002 0.0015929336
569.0657 0.0001988524
569.6372 0.0004403389
569.8669 0.0015600711
570.0974 0.0004355497
570.5512 0.0001494394
570.7664 0.0002374436
571.3292 0.0008265894
571.8339 0.0006822680
572.1351 0.0006662554
572.5430 0.0014952195
572.8736 0.0040206995
573.2433 0.0000405491
574.1463 0.0017649909
574.1975 0.0012668521
574.3396 0.0007526023
574.6703 0.0000928925
574.9655 0.0009416317
575.3878 0.0000912419
576.0677 0.0006289486
576.7542 0.0009029286
578.0306 0.0024628097
578.2687 0.0002220671
578.4443 0.0020066500
579.4986 0.0005333451
580.0449 0.0005602577
580.6540 0.0022865089
581.0391 0.0007605018
581.8225 0.0000396419
582.4004 0.0001115800
583.0070 0.0012109350
583.2624 0.0017028245
