$runtype
which=0
/

$params
Elo=500d0
Ehi=615d0
dE=0.01d0
Broadtype=1
FWHM=1.0d0
/

PEAKS
518.3302 0.0019273899
518.9629 0.0018684211
519.4065 0.0015019334
519.9534 0.0016095553
520.2887 0.0003672853
520.6456 0.0003209089
520.7982 0.0035930409
521.1722 0.0001671759
521.5869 0.0023367689
521.6925 0.0059634315
521.9503 0.0053099250
522.2416 0.0055022009
522.5149 0.0066978642
522.9661 0.0030663128
523.2317 0.0040067877
523.6013 0.0055448391
523.8217 0.0003740737
524.1392 0.0012472813
524.5324 0.0006683516
524.7779 0.0005032478
524.9640 0.0023843124
525.1364 0.0006694161
525.2762 0.0002474052
525.2963 0.0027623353
525.4663 0.0051655153
525.7317 0.0018502954
525.8072 0.0022477022
525.9411 0.0001769165
526.1992 0.0025538003
526.3168 0.0040730728
526.3679 0.0007205120
526.5095 0.0005575223
526.6168 0.0003909790
526.8180 0.0006715698
526.9965 0.0020415130
527.2245 0.0023392736
527.2645 0.0031135487
527.3676 0.0009716471
527.5127 0.0011041811
527.6399 0.0016200201
527.7605 0.0022671451
528.0604 0.0018318165
528.1603 0.0013373577
528.2415 0.0003568422
528.3054 0.0010300960
528.5870 0.0006202743
528.6439 0.0007354475
529.0044 0.0005728618
529.0959 0.0008648472
529.2627 0.0007325938
529.6748 0.0013179231
529.8549 0.0031307094
529.9690 0.0000892433
530.1948 0.0013428441
530.5578 0.0006046989
530.6768 0.0006741311
531.0690 0.0012791834
531.2592 0.0017652023
531.6810 0.0025999341
531.7503 0.0011207884
532.0099 0.0012363860
532.1427 0.0015790209
532.6311 0.0002891325
532.6886 0.0007103960
532.8872 0.0012650773
533.1056 0.0018536380
533.2597 0.0004442236
533.8222 0.0006866233
534.1065 0.0014532431
534.2851 0.0001704327
534.6715 0.0004090918
534.8086 0.0012171639
534.9233 0.0001619964
535.1747 0.0001172501
535.3149 0.0005275128
535.4712 0.0001809661
535.8318 0.0001280611
536.2497 0.0031448369
536.3307 0.0028098005
536.5950 0.0001197076
536.9146 0.0015758707
537.0072 0.0008416578
537.1171 0.0026348718
537.4266 0.0002655915
537.4505 0.0020760679
537.5975 0.0005184223
537.9007 0.0014433339
537.9456 0.0009320107
538.0804 0.0004159180
538.3394 0.0001174099
538.6101 0.0005762341
538.7721 0.0000766215
539.0444 0.0005195748
539.2117 0.0022365296
539.5602 0.0002734432
539.8393 0.0003417436
540.1790 0.0006589682
540.3704 0.0004798836
540.4283 0.0012344895
540.5693 0.0001952904
540.7565 0.0001004182
540.8610 0.0017414099
541.1699 0.0009085362
541.2733 0.0006305390
541.5055 0.0001790797
541.5966 0.0004266415
541.7368 0.0002372349
542.1016 0.0011150054
542.2443 0.0010905521
542.2977 0.0001729223
542.5473 0.0015771749
542.7954 0.0016888816
542.9303 0.0001607267
543.0250 0.0019780781
543.1254 0.0000458519
543.5028 0.0001782191
543.7662 0.0007160982
544.1172 0.0002791617
544.3917 0.0002091226
544.6338 0.0008452906
544.6854 0.0019667422
544.9319 0.0011046002
545.4436 0.0014451112
545.8940 0.0004881402
546.0128 0.0011761531
546.3817 0.0003210011
546.5024 0.0016774066
546.7879 0.0009014006
546.8424 0.0004631580
547.0439 0.0002573972
547.3953 0.0005624249
547.6988 0.0011901361
547.8787 0.0002759712
547.9142 0.0009461880
548.2984 0.0005178225
548.5694 0.0020729068
548.7715 0.0023779878
548.8684 0.0001182092
549.1181 0.0019148606
549.3760 0.0016547865
549.5269 0.0001725257
549.6544 0.0029357036
549.9116 0.0027345732
550.1736 0.0006579134
550.3745 0.0004370905
550.7191 0.0034100599
550.8767 0.0003204651
551.2459 0.0002172606
551.2794 0.0009148084
551.4857 0.0037883638
