$runtype
which=0
/

$params
Elo=1000d0
Ehi=1200d0
dE=0.01d0
Broadtype=1
FWHM=3.0d0
/

PEAKS
1016.7076 0.0021065600
1018.1047 0.0005515123
1020.6586 0.0000022693
1020.8142 0.0000111896
1020.9054 0.0000442649
1021.1206 0.0001067405
1021.1968 0.0000297056
1021.5708 0.0000024303
1022.0357 0.0001017649
1022.1538 0.0000559946
1022.2004 0.0000222938
1022.4612 0.0000249001
1022.5448 0.0000129128
1023.7103 0.0000016164
1024.7653 0.0000091012
1025.6423 0.0000043706
1027.3198 0.0000809178
1027.7392 0.0002639601
1028.2521 0.0004052165
1028.9704 0.0000030696
1029.3201 0.0182238281
1030.6845 0.0000185986
1031.0178 0.0000459297
1031.2154 0.0000056517
1031.3819 0.0000526002
1031.9308 0.0000050139
1033.1061 0.0001722846
1033.2614 0.0001391681
1033.4687 0.0007003810
1033.6141 0.0003495771
1033.8924 0.0002098673
1034.8514 0.0015434973
1035.0944 0.0002447343
1035.5396 0.0000455258
1036.9520 0.0000177893
1037.4576 0.0000121158
1038.0236 0.0000084969
1038.3038 0.0000002538
1040.0334 0.0000072360
1040.7210 0.0000153828
1041.4798 0.0000052119
1043.2909 0.0000424593
1043.3642 0.0000067822
1043.8612 0.0000263022
1043.9301 0.0000053390
1043.9622 0.0000004621
1044.6354 0.0000347032
1044.8323 0.0000391775
1045.1614 0.0000486135
1045.4541 0.0001420523
1045.5499 0.0000319635
1046.0029 0.0000112290
1046.0661 0.0004609563
1046.4199 0.0003729142
1046.6663 0.0000949255
1047.1039 0.0000698264
1047.4956 0.0000848768
1047.8595 0.0000015311
1048.3941 0.0000707073
1049.0009 0.0000125427
1049.1011 0.0000292934
1049.2519 0.0000024007
1049.5754 0.0000088773
1049.7734 0.0000185666
1049.8134 0.0000077396
1050.0755 0.0000045217
1050.8577 0.0001575047
1050.9654 0.0000043894
1051.0746 0.0000082509
1051.3282 0.0000133633
1052.3978 0.0000080827
1052.5041 0.0000041285
1053.5948 0.0000113868
1055.1341 0.0030739176
1055.2923 0.0017271683
1055.7286 0.0005374273
1056.0228 0.0000119854
1056.6716 0.0000283519
1057.9385 0.0000037258
1058.5726 0.0001823194
1058.8061 0.0004646337
1059.6602 0.0000143393
1061.3413 0.0000034092
1061.9935 0.0000054428
1077.9285 0.0000292628
1078.9293 0.0000433012
1079.6205 0.0000989214
1080.7208 0.0039828408
1082.0825 0.0000626061
1082.4235 0.0000155952
1082.5924 0.0000093369
1083.7192 0.0000288226
1084.4422 0.0000440334
1085.0602 0.0000497784
1085.3588 0.0000064920
1086.0891 0.0000179961
1088.4916 0.0000623851
1088.6024 0.0001260851
1089.5031 0.0144588108
1092.4498 0.0000010530
1109.5550 0.0066672939
1109.9277 0.0087554879
1115.4072 0.0000427161
1115.6520 0.0000118079
1115.8334 0.0000341406
1115.9806 0.0000052253
1116.3921 0.0000073508
1116.5398 0.0000032532
1116.8349 0.0000094243
1116.9582 0.0000006867
1117.3367 0.0000101012
1117.6307 0.0000189604
