State  Frequency(eV)  OscillatorStrength  TransitionMoment_x  y  z  Trans.Dipole.Mom.(D) e-size(A)  RMS_e-h(A)  QTa  LOCa
1 518.3302 0.0019273899 0.0083 -0.0091 -0.0003 0.031314 3.409410 3.642642 0.004995 0.0741
2 518.9629 0.0018684211 -0.0053 -0.0070 -0.0083 0.030812 4.056666 4.252658 0.003396 0.0269
3 519.4065 0.0015019334 -0.0051 0.0087 -0.0041 0.027614 3.842646 4.182111 0.002345 0.0291
4 519.9534 0.0016095553 0.0077 0.0029 -0.0076 0.028571 3.489590 4.241886 0.001832 0.0374
5 520.2887 0.0003672853 0.0022 -0.0049 0.0002 0.013644 4.104210 4.465853 0.002602 0.0656
6 520.6456 0.0003209089 0.0025 0.0008 -0.0043 0.012749 3.777637 4.369679 0.001630 0.0466
7 520.7982 0.0035930409 -0.0128 0.0105 0.0030 0.042653 3.927496 4.022050 0.004593 0.0995
8 521.1722 0.0001671759 0.0006 0.0016 -0.0032 0.009197 4.394467 4.531609 0.001046 0.0291
9 521.5869 0.0023367689 0.0054 -0.0017 0.0123 0.034371 3.678949 4.548641 0.002928 0.0373
10 521.6925 0.0059634315 -0.0033 0.0093 -0.0192 0.054903 3.544874 3.908835 0.003341 0.0430
11 521.9503 0.0053099250 0.0113 -0.0145 -0.0088 0.051794 3.732480 3.883265 0.002414 0.0569
12 522.2416 0.0055022009 -0.0090 -0.0172 -0.0073 0.052709 3.877407 3.999142 0.002344 0.0496
13 522.5149 0.0066978642 0.0124 0.0093 0.0169 0.058140 3.412228 3.849861 0.003217 0.0377
14 522.9661 0.0030663128 0.0048 0.0031 -0.0144 0.039321 3.466242 3.538586 0.002099 0.0401
15 523.2317 0.0040067877 0.0165 -0.0035 0.0052 0.044937 3.173301 3.668810 0.002550 0.0654
16 523.6013 0.0055448391 0.0131 -0.0011 0.0161 0.052844 3.744048 3.792853 0.003867 0.1424
17 523.8217 0.0003740737 -0.0049 -0.0005 0.0022 0.013723 3.712359 3.975567 0.002376 0.1150
18 524.1392 0.0012472813 -0.0014 -0.0062 -0.0075 0.025050 3.589509 3.604434 0.001598 0.0767
19 524.5324 0.0006683516 -0.0064 -0.0032 -0.0006 0.018330 3.754737 4.232053 0.001743 0.0567
20 524.7779 0.0005032478 -0.0040 0.0015 -0.0046 0.015902 3.680357 4.174493 0.001202 0.0459
21 524.9640 0.0023843124 -0.0090 -0.0092 -0.0045 0.034607 3.414862 4.237642 0.001885 0.0785
22 525.1364 0.0006694161 -0.0071 0.0009 0.0003 0.018334 3.616166 3.904726 0.001462 0.0624
23 525.2762 0.0002474052 0.0037 -0.0024 -0.0001 0.011145 3.732824 4.028697 0.001257 0.0486
24 525.2963 0.0027623353 -0.0021 -0.0097 -0.0108 0.037238 3.671088 3.911327 0.002984 0.1307
25 525.4663 0.0051655153 0.0110 0.0167 -0.0008 0.050914 4.031914 4.147514 0.001936 0.0653
26 525.7317 0.0018502954 -0.0004 -0.0081 -0.0088 0.030464 3.605398 3.672171 0.002102 0.0863
27 525.8072 0.0022477022 0.0056 -0.0093 0.0075 0.033574 3.528638 4.053261 0.002552 0.0515
28 525.9411 0.0001769165 -0.0035 0.0009 -0.0006 0.009418 3.742574 4.370028 0.000867 0.0596
29 526.1992 0.0025538003 0.0036 -0.0067 -0.0119 0.035774 3.435353 3.863898 0.001573 0.0593
30 526.3168 0.0040730728 -0.0097 0.0101 0.0109 0.045174 3.934536 4.285702 0.002588 0.0524
31 526.3679 0.0007205120 -0.0020 -0.0013 0.0071 0.018999 3.363228 3.731329 0.001254 0.0719
32 526.5095 0.0005575223 0.0010 -0.0065 0.0003 0.016710 4.042980 4.308491 0.001537 0.0664
33 526.6168 0.0003909790 -0.0012 0.0017 -0.0051 0.013992 3.932793 4.133408 0.001417 0.0431
34 526.8180 0.0006715698 0.0021 0.0021 0.0066 0.018334 4.067460 4.251200 0.001350 0.0553
35 526.9965 0.0020415130 -0.0107 -0.0031 -0.0059 0.031961 3.803025 4.073408 0.001759 0.0523
36 527.2245 0.0023392736 -0.0031 -0.0116 -0.0061 0.034205 3.911906 3.969546 0.001576 0.0565
37 527.2645 0.0031135487 0.0052 -0.0125 0.0076 0.039461 3.607241 4.205037 0.002466 0.0792
38 527.3676 0.0009716471 -0.0055 -0.0037 0.0056 0.022042 4.034343 4.152919 0.000991 0.0579
39 527.5127 0.0011041811 0.0017 0.0055 0.0072 0.023494 3.955188 4.084048 0.001424 0.0669
40 527.6399 0.0016200201 -0.0063 0.0092 -0.0006 0.028454 4.074947 4.174210 0.002196 0.0635
41 527.7605 0.0022671451 0.0100 -0.0085 -0.0020 0.033657 4.132530 4.361160 0.002006 0.0344
42 528.0604 0.0018318165 -0.0098 0.0054 -0.0041 0.030245 3.812490 4.125541 0.001674 0.0390
43 528.1603 0.0013373577 0.0092 0.0014 -0.0042 0.025840 3.585925 4.109954 0.001130 0.0409
44 528.2415 0.0003568422 -0.0015 0.0027 -0.0042 0.013347 3.546596 4.150898 0.001274 0.0454
45 528.3054 0.0010300960 -0.0045 -0.0060 -0.0048 0.022675 4.198775 4.261805 0.001103 0.0484
46 528.5870 0.0006202743 -0.0055 0.0042 -0.0001 0.017591 3.824335 4.109253 0.001235 0.0427
47 528.6439 0.0007354475 0.0063 0.0041 0.0003 0.019153 3.500949 3.863461 0.001205 0.0975
48 529.0044 0.0005728618 -0.0004 -0.0038 -0.0055 0.016899 4.053080 4.217939 0.001010 0.0753
49 529.0959 0.0008648472 -0.0024 0.0029 -0.0073 0.020761 3.865774 4.204101 0.001132 0.0452
50 529.2627 0.0007325938 0.0007 -0.0061 -0.0044 0.019105 4.023095 4.310253 0.000847 0.0651
51 529.6748 0.0013179231 0.0092 0.0035 -0.0020 0.025615 3.915575 4.100018 0.001067 0.0597
52 529.8549 0.0031307094 -0.0026 -0.0033 0.0150 0.039473 3.843880 3.929367 0.001336 0.0849
53 529.9690 0.0000892433 -0.0019 0.0017 0.0008 0.006664 3.838239 4.266015 0.000892 0.0791
54 530.1948 0.0013428441 0.0060 -0.0073 0.0037 0.025843 3.819003 4.258872 0.001712 0.0657
55 530.5578 0.0006046989 -0.0012 0.0048 -0.0047 0.017336 3.684136 4.283682 0.000955 0.0746
56 530.6768 0.0006741311 0.0038 0.0057 -0.0023 0.018302 3.839710 4.126855 0.000812 0.0651
57 531.0690 0.0012791834 0.0070 0.0020 0.0068 0.025203 3.632419 3.740241 0.002307 0.1040
58 531.2592 0.0017652023 0.0052 -0.0003 -0.0104 0.029600 3.684446 4.079073 0.001069 0.0622
59 531.6810 0.0025999341 0.0022 -0.0062 0.0125 0.035909 3.454150 3.603656 0.001669 0.1044
60 531.7503 0.0011207884 0.0036 0.0066 -0.0054 0.023576 3.641601 3.797450 0.001221 0.0710
61 532.0099 0.0012363860 -0.0092 -0.0016 0.0027 0.024755 3.660980 3.959508 0.001003 0.1360
62 532.1427 0.0015790209 0.0056 -0.0032 -0.0089 0.027973 3.896762 3.924425 0.001116 0.0591
63 532.6311 0.0002891325 -0.0038 -0.0024 -0.0014 0.011964 3.563576 3.735597 0.001349 0.1916
64 532.6886 0.0007103960 0.0019 0.0053 0.0048 0.018753 3.318452 3.390341 0.001024 0.0700
65 532.8872 0.0012650773 -0.0092 -0.0034 -0.0005 0.025020 3.567534 3.953618 0.000954 0.0665
66 533.1056 0.0018536380 -0.0104 0.0030 -0.0051 0.030280 3.750734 3.796564 0.001662 0.0831
67 533.2597 0.0004442236 -0.0049 -0.0008 0.0031 0.014821 3.573857 3.961861 0.000839 0.0910
68 533.8222 0.0006866233 -0.0022 0.0055 0.0041 0.018417 3.709046 3.886634 0.001307 0.1003
69 534.1065 0.0014532431 -0.0034 0.0063 -0.0077 0.026786 3.437292 4.067056 0.000770 0.0381
70 534.2851 0.0001704327 0.0002 -0.0033 -0.0013 0.009172 3.827618 4.054082 0.001031 0.0661
71 534.6715 0.0004090918 0.0040 -0.0029 -0.0027 0.014204 3.703572 3.727258 0.001066 0.0956
72 534.8086 0.0012171639 0.0014 0.0042 0.0086 0.024498 3.588837 3.688116 0.000938 0.0745
73 534.9233 0.0001619964 -0.0023 0.0009 0.0025 0.008936 3.538207 3.748012 0.001060 0.0972
74 535.1747 0.0001172501 0.0016 -0.0012 -0.0023 0.007601 3.540165 3.786654 0.000442 0.0677
75 535.3149 0.0005275128 -0.0063 0.0005 0.0005 0.016120 3.568399 3.920385 0.000693 0.0739
76 535.4712 0.0001809661 -0.0026 -0.0026 0.0003 0.009440 3.662914 3.779344 0.001011 0.0621
77 535.8318 0.0001280611 -0.0014 -0.0026 0.0011 0.007939 3.534330 3.558706 0.001237 0.1093
78 536.2497 0.0031448369 0.0140 -0.0014 0.0064 0.039325 3.385674 3.654875 0.000676 0.0666
79 536.3307 0.0028098005 0.0015 0.0140 -0.0039 0.037168 3.395418 4.067798 0.001118 0.0748
80 536.5950 0.0001197076 0.0029 -0.0006 -0.0003 0.007670 3.568276 3.646752 0.001541 0.1319
81 536.9146 0.0015758707 0.0104 0.0031 -0.0014 0.027820 3.843097 3.944645 0.001073 0.0802
82 537.0072 0.0008416578 -0.0035 0.0072 0.0003 0.020330 3.715404 4.082722 0.001018 0.1050
83 537.1171 0.0026348718 -0.0069 -0.0082 -0.0092 0.035967 3.609715 3.708700 0.000571 0.1014
84 537.4266 0.0002655915 0.0006 0.0040 -0.0020 0.011416 3.653643 3.990304 0.000717 0.1064
85 537.4505 0.0020760679 0.0008 0.0125 0.0012 0.031916 3.704324 3.765281 0.001458 0.0598
86 537.5975 0.0005184223 0.0042 -0.0041 -0.0022 0.015947 3.570460 3.805806 0.001198 0.0915
87 537.9007 0.0014433339 -0.0005 -0.0088 -0.0057 0.026600 3.598069 3.839768 0.001209 0.0802
88 537.9456 0.0009320107 0.0075 -0.0034 -0.0016 0.021374 3.479402 3.786669 0.000588 0.1056
89 538.0804 0.0004159180 0.0012 -0.0052 -0.0016 0.014277 3.635521 4.084567 0.000647 0.1022
90 538.3394 0.0001174099 -0.0016 0.0015 -0.0020 0.007584 3.603585 3.746292 0.001190 0.0878
91 538.6101 0.0005762341 0.0004 -0.0050 -0.0043 0.016796 3.355441 3.887841 0.001208 0.0911
92 538.7721 0.0000766215 -0.0011 0.0009 -0.0020 0.006124 3.697012 3.875872 0.001365 0.0629
93 539.0444 0.0005195748 0.0024 -0.0018 -0.0055 0.015943 3.532902 3.751431 0.001226 0.0838
94 539.2117 0.0022365296 -0.0071 0.0039 -0.0102 0.033072 3.462015 3.628060 0.002293 0.1338
95 539.5602 0.0002734432 -0.0009 0.0040 -0.0020 0.011560 3.708025 3.738458 0.001272 0.1127
96 539.8393 0.0003417436 -0.0045 0.0017 -0.0016 0.012920 3.773291 3.901972 0.000811 0.0998
97 540.1790 0.0006589682 0.0021 -0.0063 -0.0024 0.017936 3.763960 3.803008 0.001615 0.0899
98 540.3704 0.0004798836 -0.0057 -0.0017 0.0007 0.015303 3.736489 3.855967 0.001071 0.0493
99 540.4283 0.0012344895 0.0051 -0.0016 0.0081 0.024543 3.547276 3.628563 0.000798 0.1149
100 540.5693 0.0001952904 0.0016 0.0004 -0.0035 0.009760 3.726248 3.908466 0.000752 0.0812
101 540.7565 0.0001004182 0.0023 -0.0005 0.0015 0.006998 3.593399 3.833826 0.001221 0.0749
102 540.8610 0.0017414099 -0.0049 -0.0073 -0.0073 0.029138 3.819496 3.877676 0.000736 0.0664
103 541.1699 0.0009085362 -0.0036 0.0038 -0.0064 0.021041 3.920999 3.985329 0.001125 0.0976
104 541.2733 0.0006305390 -0.0031 -0.0014 -0.0060 0.017527 3.745905 3.938661 0.000754 0.0567
105 541.5055 0.0001790797 -0.0031 0.0003 -0.0020 0.009338 3.438631 4.100697 0.000929 0.0452
106 541.5966 0.0004266415 -0.0025 -0.0039 0.0034 0.014413 3.711581 4.043060 0.000902 0.0847
107 541.7368 0.0002372349 0.0007 -0.0007 -0.0041 0.010746 3.505428 4.342921 0.001107 0.0708
108 542.1016 0.0011150054 0.0022 0.0049 0.0074 0.023289 3.683505 3.770771 0.001647 0.1370
109 542.2443 0.0010905521 -0.0044 -0.0008 -0.0079 0.023029 3.805943 3.818901 0.000991 0.1136
110 542.2977 0.0001729223 0.0010 0.0001 0.0035 0.009170 3.600588 4.080851 0.000901 0.0519
111 542.5473 0.0015771749 0.0070 -0.0080 -0.0023 0.027687 3.495931 3.905704 0.001419 0.1000
112 542.7954 0.0016888816 -0.0104 -0.0042 -0.0011 0.028644 3.542808 3.716088 0.000948 0.0914
113 542.9303 0.0001607267 0.0029 0.0017 0.0009 0.008835 3.420418 3.836239 0.001513 0.1264
114 543.0250 0.0019780781 -0.0042 0.0053 0.0102 0.030993 3.481930 3.630504 0.000826 0.1298
115 543.1254 0.0000458519 -0.0009 0.0014 -0.0007 0.004718 3.595186 4.026690 0.000913 0.0739
116 543.5028 0.0001782191 0.0005 -0.0010 0.0035 0.009299 3.675184 4.210937 0.000729 0.0813
117 543.7662 0.0007160982 0.0018 -0.0000 0.0071 0.018635 3.903676 4.037628 0.001059 0.0766
118 544.1172 0.0002791617 -0.0010 0.0009 0.0044 0.011631 3.300737 3.432009 0.000875 0.0673
119 544.3917 0.0002091226 0.0014 -0.0022 0.0030 0.010065 3.071431 3.693692 0.000661 0.0882
120 544.6338 0.0008452906 -0.0032 0.0071 0.0016 0.020230 3.637732 3.709420 0.000944 0.1261
121 544.6854 0.0019667422 -0.0061 0.0061 0.0085 0.030857 3.349360 3.772318 0.001693 0.1035
122 544.9319 0.0011046002 0.0036 -0.0033 0.0077 0.023120 3.414497 3.590236 0.000883 0.1089
123 545.4436 0.0014451112 -0.0033 0.0095 -0.0025 0.026432 3.490664 3.632697 0.001003 0.0852
124 545.8940 0.0004881402 -0.0057 0.0007 0.0018 0.015356 3.439838 3.533631 0.000986 0.0765
125 546.0128 0.0011761531 -0.0088 -0.0001 0.0032 0.023833 3.420465 3.594502 0.000854 0.0874
126 546.3817 0.0003210011 -0.0040 -0.0012 0.0025 0.012447 3.544618 3.666838 0.000975 0.0416
127 546.5024 0.0016774066 -0.0083 -0.0025 -0.0070 0.028450 3.419125 3.538367 0.000787 0.1177
128 546.7879 0.0009014006 0.0021 0.0079 0.0001 0.020850 3.441006 3.641142 0.001285 0.1094
129 546.8424 0.0004631580 -0.0010 -0.0046 -0.0035 0.014945 3.158007 3.658164 0.000674 0.0613
130 547.0439 0.0002573972 -0.0009 -0.0023 -0.0036 0.011139 3.379960 3.646159 0.000574 0.0553
131 547.3953 0.0005624249 0.0063 -0.0002 0.0013 0.016460 3.505081 3.567536 0.000900 0.0705
132 547.6988 0.0011901361 -0.0004 -0.0067 -0.0067 0.023938 3.553606 3.740772 0.000800 0.0719
133 547.8787 0.0002759712 -0.0042 0.0017 -0.0007 0.011525 3.383004 3.520492 0.000758 0.0983
134 547.9142 0.0009461880 -0.0033 0.0076 0.0012 0.021340 3.498541 3.516381 0.000938 0.1028
135 548.2984 0.0005178225 -0.0015 -0.0044 0.0042 0.015781 3.610926 3.699999 0.001659 0.0968
136 548.5694 0.0020729068 -0.0090 0.0073 -0.0044 0.031567 3.503008 3.890172 0.000723 0.0742
137 548.7715 0.0023779878 -0.0126 -0.0042 0.0001 0.033804 3.610535 3.802306 0.000724 0.0591
138 548.8684 0.0001182092 -0.0029 0.0003 0.0007 0.007536 3.319839 3.855391 0.000652 0.0873
139 549.1181 0.0019148606 0.0044 0.0108 0.0024 0.030324 3.467088 3.597316 0.000456 0.0826
140 549.3760 0.0016547865 0.0033 -0.0073 -0.0077 0.028183 3.623086 3.810565 0.000951 0.0582
141 549.5269 0.0001725257 0.0019 -0.0017 0.0025 0.009099 3.872651 4.086738 0.000261 0.1060
142 549.6544 0.0029357036 -0.0058 0.0131 0.0036 0.037529 3.364239 3.538240 0.000722 0.0765
143 549.9116 0.0027345732 0.0022 -0.0126 -0.0062 0.036212 3.496897 3.849823 0.000396 0.0613
144 550.1736 0.0006579134 0.0042 -0.0043 -0.0036 0.017758 3.540049 3.694791 0.000947 0.0491
145 550.3745 0.0004370905 -0.0016 0.0018 -0.0051 0.014471 3.332192 3.586116 0.000600 0.0985
146 550.7191 0.0034100599 -0.0097 0.0008 -0.0125 0.040408 3.332297 3.602205 0.000988 0.0839
147 550.8767 0.0003204651 -0.0015 0.0036 -0.0030 0.012386 3.359160 3.723770 0.000524 0.0560
148 551.2459 0.0002172606 0.0024 0.0026 -0.0018 0.010195 3.586518 3.777253 0.000674 0.0612
149 551.2794 0.0009148084 0.0064 0.0052 0.0004 0.020919 3.536555 3.764284 0.000449 0.0620
150 551.4857 0.0037883638 0.0117 0.0081 -0.0088 0.042561 3.538127 3.556845 0.000523 0.0693
