$runtype
which=0
/

$params
Elo=1000d0
Ehi=1200d0
dE=0.01d0
Broadtype=1
FWHM=3.0d0
/

PEAKS
1016.5221 0.0078399253
1018.5230 0.0006517742
1019.9964 0.0017014271
1020.9200 0.0001897447
1021.2639 0.0000389067
1021.4465 0.0000452046
1022.1043 0.0000062681
1022.1482 0.0001489870
1022.6626 0.0000048664
1022.8664 0.0000037166
1023.8092 0.0003777074
1024.6440 0.0000407760
1025.2737 0.0000272605
1025.5546 0.0000405011
1027.3761 0.0000157232
1027.5608 0.0004519755
1028.1061 0.0059736207
1029.2099 0.0000936784
1029.4071 0.0008247529
1029.7480 0.0033428789
1030.5966 0.0061090188
1030.9209 0.0001616644
1031.4101 0.0026461571
1032.2055 0.0000129808
1032.4150 0.0009321921
1032.7193 0.0011536389
1033.4426 0.0000402169
1033.8823 0.0000208441
1034.8941 0.0001306674
1035.2223 0.0000317431
1035.6247 0.0009171237
1036.0605 0.0000581835
1036.9195 0.0001559968
1037.1557 0.0000345484
1038.4143 0.0000070491
1038.7028 0.0005658746
1040.5790 0.0000656661
1041.5957 0.0037988877
1044.6070 0.0000059450
1044.8779 0.0000258812
1045.2238 0.0000043676
1046.1673 0.0001015105
1046.5943 0.0000692963
1046.6745 0.0001468677
1047.1266 0.0000480332
1047.2186 0.0004852488
1047.6457 0.0000765217
1047.7675 0.0002672909
1048.0368 0.0000087818
1048.1370 0.0005620008
1048.4478 0.0001084805
1049.4708 0.0003332452
1049.7004 0.0000994089
1049.8364 0.0001105429
1049.9302 0.0003505167
1050.4134 0.0004801518
1050.9402 0.0005728246
1051.2475 0.0000585117
1051.7944 0.0000866870
1051.9207 0.0005622720
1052.2148 0.0002163183
1053.0330 0.0000229315
1053.6058 0.0004692992
1053.7613 0.0001529062
1053.9768 0.0000291381
1055.3691 0.0007724178
1055.6481 0.0002580084
1056.7686 0.0005174136
1057.2919 0.0007434538
1057.3731 0.0007392371
1058.2856 0.0004692008
1058.5717 0.0004436665
1059.5298 0.0015692099
1059.6610 0.0000990332
1063.2588 0.0002617135
1069.6092 0.0011257024
1080.0043 0.0000422163
1081.7974 0.0013436278
1081.9972 0.0000227542
1082.5255 0.0001859321
1082.5924 0.0017826327
1084.1081 0.0000750504
1084.1991 0.0000152588
1085.8894 0.0000066730
1087.3786 0.0003065058
1087.5051 0.0011346124
1087.6781 0.0015415094
1089.0808 0.0000481092
1089.6953 0.0016085153
1091.8665 0.0108128935
1114.8475 0.0005440576
1115.4582 0.0005943793
1115.6145 0.0007376696
1115.9429 0.0001226163
1116.3284 0.0000337381
1116.7809 0.0000515694
1117.0968 0.0001443800
1117.5826 0.0000134947
