$runtype
which=0
/

$params
Elo=500d0
Ehi=615d0
dE=0.01d0
Broadtype=1
FWHM=1.0d0
/

PEAKS
517.9608 0.0004430529
519.4171 0.0023992516
519.4397 0.0049027510
520.2552 0.0033551060
520.5280 0.0028334257
520.7706 0.0002742635
521.0689 0.0004015017
521.5497 0.0050300647
521.8721 0.0037294659
522.2841 0.0040168144
522.4912 0.0028495462
522.9037 0.0015013099
523.2350 0.0015791279
523.5551 0.0013125883
524.0343 0.0047540127
524.4624 0.0030197707
524.7351 0.0003957617
524.8786 0.0008905671
525.0834 0.0019714858
525.5113 0.0039821380
525.6654 0.0029170495
525.7992 0.0031719319
525.8892 0.0011155269
525.9621 0.0048975905
526.1266 0.0008352482
526.2436 0.0003093393
526.3911 0.0011640308
526.5218 0.0058204512
526.7309 0.0004268903
526.8367 0.0012012633
527.0163 0.0007060495
527.1228 0.0007859953
527.1484 0.0039720930
527.5378 0.0009880534
527.7326 0.0038501837
527.7842 0.0058694906
528.1461 0.0026834951
528.2341 0.0007774338
528.4139 0.0041113082
528.6290 0.0000540312
528.7736 0.0011709632
528.9108 0.0018551353
529.1675 0.0010485117
529.5029 0.0003690972
529.7760 0.0005729993
530.0319 0.0016894316
530.0729 0.0004149507
530.3744 0.0033904587
530.6716 0.0006382519
530.7689 0.0014099895
531.3586 0.0022358401
531.5576 0.0003966688
531.7419 0.0017254572
532.1277 0.0011120688
532.2309 0.0039170765
532.3127 0.0023724463
532.7009 0.0002740947
532.7729 0.0019088005
533.3730 0.0003445078
533.7481 0.0002488222
533.8545 0.0019749712
534.0411 0.0000364860
534.6248 0.0008964073
534.9274 0.0012036423
535.2115 0.0004976066
535.6714 0.0005167602
535.7580 0.0006638982
535.9256 0.0036078594
536.1991 0.0014544889
536.7314 0.0010539422
537.1273 0.0011589179
537.4927 0.0015020907
537.8019 0.0004435947
537.8390 0.0000298585
537.9581 0.0000138096
538.2077 0.0000542970
538.5482 0.0007238326
538.7754 0.0002039683
538.9333 0.0000345922
539.3241 0.0003848667
539.4379 0.0009136520
539.5563 0.0002933278
539.7400 0.0002648691
540.0189 0.0008343677
540.0756 0.0001804724
540.3500 0.0023785604
540.3909 0.0004083811
540.5705 0.0003736397
540.7365 0.0002827232
541.1315 0.0019237632
541.3004 0.0005490184
541.5344 0.0010211653
541.9689 0.0027333545
542.0534 0.0007760865
542.2798 0.0010954357
542.4251 0.0013793960
542.7435 0.0001534706
542.8325 0.0012222569
543.2565 0.0027092163
543.3819 0.0001683798
543.4343 0.0018183723
543.6240 0.0008216256
544.0673 0.0023525471
544.4595 0.0002760582
544.9341 0.0001060338
545.2826 0.0007553787
545.5376 0.0025956364
546.0757 0.0019721281
546.2456 0.0012406020
546.5837 0.0048456024
546.7998 0.0015232771
546.8314 0.0005381715
547.3128 0.0019586018
547.5145 0.0007719995
547.7594 0.0006265101
547.9174 0.0003720776
548.1878 0.0002624871
548.4412 0.0017282704
548.4946 0.0012353710
548.9686 0.0023902179
549.0590 0.0021065950
549.2590 0.0059753612
549.5120 0.0005133251
549.8165 0.0023425662
549.8785 0.0013859197
550.1587 0.0030493809
550.7039 0.0023307616
550.8855 0.0019517502
551.2698 0.0015265973
551.3562 0.0007721607
551.7205 0.0008533841
551.7761 0.0000155582
552.1113 0.0008312343
552.4093 0.0012100703
552.4321 0.0003438475
552.7026 0.0015956206
553.3819 0.0021482833
553.5995 0.0009835108
554.0014 0.0025031051
554.3258 0.0035036150
554.5912 0.0015106601
554.8719 0.0000935682
554.9200 0.0033882481
555.3701 0.0040432242
555.4678 0.0014410897
555.8222 0.0011851384
555.9903 0.0004854967
556.3367 0.0003865701
556.6687 0.0044674754
556.7914 0.0011942577
