$runtype
which=0
/

$params
Elo=500d0
Ehi=615d0
dE=0.01d0
Broadtype=1
FWHM=1.0d0
/

PEAKS
518.6872 0.0028085312
519.7509 0.0043971805
520.4222 0.0000503854
520.7113 0.0108646585
521.0419 0.0013377303
521.6518 0.0032015615
522.2932 0.0081406524
523.5290 0.0086174287
524.2090 0.0083269215
524.4809 0.0079360634
524.9144 0.0022693501
525.4916 0.0015441982
525.6150 0.0004813095
525.7580 0.0040356803
526.3425 0.0005468282
526.4066 0.0030343098
526.6197 0.0043248309
526.7427 0.0038074470
526.8971 0.0042687955
527.3702 0.0009199041
527.5277 0.0070435031
527.9866 0.0019226423
528.2716 0.0006411263
528.4257 0.0046704252
528.6584 0.0056471513
529.0280 0.0064860963
529.3034 0.0036355442
529.8271 0.0023450978
530.0834 0.0008561941
530.4263 0.0023298759
530.8240 0.0000673134
531.2599 0.0000855168
531.5204 0.0006506562
532.3253 0.0009504958
532.8092 0.0001001693
533.0217 0.0008514496
533.5772 0.0010071285
534.6383 0.0018229774
535.1466 0.0033851785
535.7643 0.0037995157
535.9898 0.0018633499
536.2602 0.0007863624
536.6057 0.0003645229
537.0916 0.0006079882
537.6334 0.0003763821
537.9953 0.0023235019
538.2584 0.0001307688
538.8982 0.0025770476
539.3318 0.0003328496
539.6826 0.0010176486
539.8959 0.0006317216
540.5553 0.0021866133
540.7639 0.0039522530
541.1504 0.0007024936
541.3851 0.0007437619
541.7598 0.0024050606
541.9923 0.0007398937
542.3133 0.0036025582
542.5242 0.0021296418
543.0634 0.0004030943
543.7539 0.0005277630
544.5475 0.0005526934
545.5635 0.0008382008
546.1342 0.0008606086
546.4860 0.0033813411
546.9445 0.0067043844
547.4020 0.0000992674
547.7803 0.0016850205
548.0983 0.0020579257
548.2364 0.0027114909
548.6196 0.0016643521
548.8425 0.0019379290
549.4779 0.0060849644
549.7490 0.0041719721
549.8914 0.0017307904
550.3083 0.0041895884
550.5656 0.0081689864
551.2144 0.0011364078
551.5390 0.0027667177
551.8251 0.0102025724
552.1950 0.0092060400
552.3502 0.0018973913
553.2456 0.0011395074
554.1475 0.0049792824
554.9266 0.0075358278
555.5513 0.0009406392
556.1255 0.0017853679
556.5810 0.0017850524
556.9243 0.0013685704
557.9784 0.0026384679
558.4534 0.0022077695
558.7716 0.0045183235
559.7307 0.0011585871
559.9285 0.0006690604
559.9562 0.0025819425
560.3009 0.0032372756
561.4660 0.0009128542
561.7094 0.0009079017
561.9442 0.0032582219
562.1103 0.0003150290
562.8560 0.0066989854
563.0442 0.0015916108
563.3108 0.0031892774
563.6803 0.0030810011
564.8422 0.0004463765
565.0211 0.0012767374
565.2072 0.0017630712
565.7444 0.0010639159
565.9185 0.0015268001
566.1620 0.0004532622
566.5410 0.0013435514
566.8759 0.0004564541
566.8819 0.0007970736
567.2888 0.0008129682
567.3837 0.0001743051
567.8089 0.0002922398
568.0989 0.0010228048
568.4518 0.0007767969
568.7255 0.0002583583
568.9628 0.0017269817
569.4610 0.0006411524
570.1201 0.0011477611
570.5038 0.0007922109
570.9087 0.0029471833
571.4104 0.0020349363
571.4509 0.0024738854
571.8856 0.0004386778
571.9055 0.0019030587
572.4068 0.0014550531
572.8837 0.0002910950
573.4606 0.0014339535
573.7282 0.0003222828
574.2138 0.0002384575
574.6179 0.0009834144
574.7779 0.0004911570
575.1642 0.0006107773
575.7264 0.0002762083
576.0844 0.0017226096
576.6996 0.0005052135
577.1160 0.0005222761
577.9673 0.0021700820
578.3362 0.0002483668
579.5984 0.0005900068
580.3747 0.0000668109
580.6714 0.0019459848
581.2556 0.0010820109
581.6455 0.0004495270
581.8412 0.0008498330
581.9666 0.0046480620
582.6026 0.0003343740
