$runtype
which=0
/

$params
Elo=1000d0
Ehi=1200d0
dE=0.01d0
Broadtype=1
FWHM=3.0d0
/

PEAKS
1015.7196 0.0190466409
1017.4445 0.0038531418
1018.0521 0.0013311586
1018.6537 0.0000433866
1018.9155 0.0001183893
1020.3886 0.0018473327
1020.7764 0.0007963993
1021.3907 0.0017206487
1022.1001 0.0078449556
1022.7347 0.0054016024
1023.5998 0.0000781780
1023.7209 0.0006146661
1023.8079 0.0012926452
1025.1288 0.0013553130
1027.4183 0.0000623007
1028.8549 0.0006164004
1029.3053 0.0013796699
1031.6075 0.0051160758
1031.7804 0.0000539893
1033.0858 0.0000504404
1034.2529 0.0004400523
1035.3627 0.0023292303
1035.4467 0.0000129633
1037.0611 0.0011402221
1037.7429 0.0017882321
1039.1038 0.0038472126
1044.3281 0.0000009554
1045.1104 0.0000035757
1045.7511 0.0000323450
1046.0037 0.0000270223
1046.2298 0.0000108122
1046.3080 0.0000021349
1046.9755 0.0000090842
1048.0936 0.0000028636
1049.1286 0.0000606515
1049.8024 0.0005490505
1050.2777 0.0008591823
1051.4901 0.0004953600
1051.8504 0.0000068688
1052.3368 0.0002140121
1053.9122 0.0001987783
1055.1582 0.0004261765
1055.2555 0.0000484744
1057.8834 0.0026951432
1059.7750 0.0003202667
1059.9233 0.0005312417
1062.8722 0.0018495503
1065.0556 0.0014113417
1080.2182 0.0005790928
1080.5477 0.0004128623
1082.0845 0.0055529747
1083.9629 0.0000672767
1084.8885 0.0004615032
1085.7927 0.0000029036
1089.5748 0.0116946170
1091.3179 0.0003867192
1109.5873 0.0090841664
1111.5675 0.0070311701
1113.9950 0.0000953908
1115.0544 0.0000022316
1116.1027 0.0000348616
1116.3274 0.0003626250
1116.4800 0.0000272145
1118.0505 0.0000419102
1120.8315 0.0005885496
1125.1927 0.0000831303
1125.8987 0.0000024099
1127.4447 0.0000497396
