$runtype
which=0
/

$params
Elo=500d0
Ehi=615d0
dE=0.01d0
Broadtype=1
FWHM=1.0d0
/

PEAKS
518.5050 0.0025056304
519.6414 0.0031832074
520.0987 0.0027409017
520.3984 0.0043876468
520.8761 0.0027262443
521.1718 0.0021159095
521.5745 0.0006105063
521.7451 0.0021225134
522.4121 0.0137334923
522.6688 0.0065546415
522.9225 0.0005760665
523.5665 0.0029314560
523.9119 0.0016635496
524.9314 0.0071304516
525.0697 0.0042471144
525.1741 0.0006709339
525.3005 0.0007761998
525.6162 0.0006453978
525.7656 0.0047645001
526.0113 0.0029652537
526.0615 0.0037856213
526.1405 0.0007852362
526.2630 0.0023192367
526.7191 0.0017523060
526.8162 0.0017618707
526.8619 0.0024859518
527.0224 0.0003822620
527.1120 0.0034180744
527.4185 0.0022087806
527.5848 0.0018236859
527.7906 0.0018875807
527.9689 0.0044231363
528.1198 0.0007260416
528.3464 0.0011452937
528.6250 0.0004779970
528.9743 0.0012408224
529.0858 0.0016636366
529.1463 0.0005734123
529.5421 0.0015045143
529.7840 0.0024890020
530.1195 0.0024525609
530.3058 0.0003020583
530.6180 0.0001638329
530.7989 0.0003287495
531.0362 0.0008402487
531.5943 0.0026541361
531.9616 0.0023454292
532.1791 0.0011628905
532.5197 0.0006217253
532.7234 0.0011937277
533.2320 0.0031248829
533.4212 0.0010785978
533.7953 0.0011135763
534.2206 0.0012922807
534.8165 0.0005130269
535.2082 0.0001615996
535.4125 0.0002159830
535.5894 0.0000253355
536.2470 0.0007737293
536.2989 0.0022133947
536.5009 0.0009198364
536.6693 0.0018526127
536.9120 0.0002246832
537.4173 0.0017273338
537.5782 0.0015896570
538.2463 0.0039422982
538.3300 0.0003465459
538.4937 0.0006839634
538.7149 0.0004543599
539.4106 0.0007269428
539.6775 0.0000733667
539.8899 0.0003022432
540.1960 0.0019336402
540.3628 0.0009233506
540.6488 0.0002614431
540.8712 0.0006842575
541.0442 0.0012345533
541.2467 0.0017981426
541.4766 0.0017378419
541.6021 0.0010662876
541.9706 0.0007240452
542.1461 0.0020743070
542.3813 0.0000277685
542.4058 0.0024273593
542.7665 0.0007237740
542.9539 0.0018992050
543.0609 0.0001360578
543.2723 0.0019456269
543.8616 0.0001550628
544.1884 0.0042366321
544.6457 0.0014995140
545.0473 0.0023534829
545.5723 0.0006710660
546.1539 0.0006027089
546.3816 0.0052744626
546.9830 0.0017744220
547.0619 0.0001623545
547.3384 0.0028095684
547.3861 0.0006145304
547.6389 0.0024167670
547.9647 0.0004856469
548.0714 0.0010483167
548.3952 0.0014600226
548.5477 0.0016922235
549.1212 0.0002283399
549.1694 0.0003452927
549.2079 0.0018307332
549.6008 0.0013486278
549.9358 0.0028055661
550.0559 0.0009402389
550.6339 0.0014631851
551.0203 0.0009518282
551.1497 0.0060379695
551.4616 0.0022404997
551.7642 0.0007090981
552.2558 0.0022303554
552.3165 0.0060565278
552.7098 0.0013094276
552.9392 0.0044496308
553.2272 0.0006186696
553.7597 0.0011577878
553.8818 0.0045469032
554.1541 0.0011450815
554.7895 0.0069171648
554.8713 0.0031665199
555.3445 0.0007078340
555.5057 0.0012089309
555.6637 0.0036951436
556.1037 0.0029270139
556.5798 0.0029477686
557.2048 0.0014946769
557.5219 0.0013147782
557.8623 0.0032861281
558.1514 0.0006415852
558.5943 0.0021450012
558.7577 0.0003815054
559.1873 0.0027376418
559.4743 0.0017835119
559.9288 0.0001416985
560.3300 0.0021384877
560.4062 0.0003316581
560.5229 0.0016796351
560.7785 0.0039297725
561.3933 0.0002835485
561.4674 0.0011018778
561.8097 0.0010692758
562.1130 0.0020226736
562.3655 0.0008236237
562.7874 0.0000543901
563.0454 0.0000567049
