$runtype
which=0
/

$params
Elo=1000d0
Ehi=1200d0
dE=0.01d0
Broadtype=1
FWHM=3.0d0
/

PEAKS
1018.1640 0.0007681878
1021.8340 0.0000137744
1022.2625 0.0001184936
1022.5483 0.0007572604
1023.3299 0.0000183526
1024.1284 0.0001478741
1024.3983 0.0000109000
1025.2674 0.0000157775
1026.9122 0.0001823904
1026.9998 0.0000561095
1027.0482 0.0000031165
1028.7516 0.0001553912
1028.8698 0.0001223732
1030.0355 0.0017558531
1030.8112 0.0194155936
1030.9487 0.0014062244
1032.4918 0.0000167572
1034.4263 0.0000111020
1034.5175 0.0000041313
1035.5149 0.0000834415
1035.6314 0.0000812008
1035.7525 0.0002003224
1036.7753 0.0006985900
1037.2050 0.0001561078
1037.7933 0.0000012921
1038.0921 0.0000228209
1039.7737 0.0000078684
1040.2818 0.0000002264
1042.1320 0.0000007159
1045.2277 0.0000424170
1045.9642 0.0000126521
1046.0245 0.0000024560
1046.1727 0.0000425455
1046.7536 0.0000148438
1046.9235 0.0000135147
1047.1077 0.0000333223
1047.1450 0.0000225284
1047.7140 0.0006689086
1048.5601 0.0000175728
1048.6706 0.0000091890
1049.3416 0.0000413440
1049.7427 0.0000647347
1050.4193 0.0000767198
1050.6514 0.0011882132
1051.2081 0.0001461238
1051.8694 0.0000436171
1052.4801 0.0000090927
1052.6030 0.0001040470
1052.8085 0.0001638523
1053.9241 0.0000187238
1055.1591 0.0000035778
1055.8398 0.0012591171
1056.1309 0.0000492740
1056.8644 0.0021655038
1057.7214 0.0008180812
1059.3455 0.0000472860
1059.9316 0.0007210457
1061.2390 0.0000037048
1061.9652 0.0000227853
1062.9209 0.0000154792
1072.3874 0.0000014917
1078.2091 0.0000559285
1080.3768 0.0000260783
1081.7613 0.0058392674
1082.5194 0.0001344270
1082.7653 0.0005431154
1085.9940 0.0000358737
1088.3379 0.0000571045
1090.7673 0.0003884224
1091.0574 0.0133668695
1092.2349 0.0000196994
1092.7356 0.0000325768
1106.0198 0.0068310298
1111.4513 0.0000086225
1113.5940 0.0001194075
1114.0501 0.0000006220
1114.8020 0.0001976689
1115.0272 0.0000185288
1115.4231 0.0007858515
1115.9254 0.0000394707
1116.1668 0.0000166317
1118.4054 0.0000084478
