State  Frequency(eV)  OscillatorStrength  TransitionMoment_x  y  z  Trans.Dipole.Mom.(D) e-size(A)  RMS_e-h(A)  QTa  LOCa
1 518.1731 0.0036989659 -0.0108 -0.0024 -0.0130 0.043387 2.673758 3.968839 0.007164 0.0618
2 519.4636 0.0071912380 -0.0018 0.0162 0.0173 0.060420 2.979890 3.454465 0.007298 0.0860
3 519.6914 0.0000000000 0.0000 0.0000 0.0000 0.000000 2.531303 23.820986 0.000000 0.0000
4 519.9674 0.0015654244 -0.0029 0.0092 -0.0054 0.028176 3.187642 4.230240 0.002603 0.0360
5 520.4767 0.0022266496 0.0107 0.0078 0.0001 0.033588 3.037832 4.118391 0.003535 0.0469
6 520.8001 0.0000000000 0.0000 -0.0000 -0.0000 0.000000 3.166653 24.014389 0.000000 0.0000
7 520.9594 0.0103081368 0.0179 -0.0209 -0.0069 0.072234 3.145198 3.818256 0.003914 0.0400
8 521.1246 0.0096455942 0.0239 -0.0134 0.0027 0.069863 2.875419 3.845145 0.005505 0.0686
9 521.6517 0.0000000000 -0.0000 -0.0000 -0.0000 0.000000 2.969924 24.375960 0.000000 0.0000
10 522.2614 0.0037305458 -0.0092 0.0103 -0.0101 0.043401 3.138184 3.986308 0.002464 0.0341
11 522.3719 0.0000000000 0.0000 0.0000 0.0000 0.000000 3.145655 23.669910 0.000000 0.0000
12 522.8464 0.0019019682 -0.0045 -0.0108 -0.0035 0.030972 3.126978 4.003917 0.000968 0.0571
13 523.7110 0.0074346022 0.0113 -0.0071 0.0200 0.061184 2.836247 3.561742 0.002474 0.0705
14 524.1291 0.0043284929 -0.0166 0.0079 -0.0008 0.046666 2.890847 3.409900 0.002268 0.0789
15 524.6633 0.0152036222 -0.0136 -0.0234 -0.0212 0.087415 2.671478 2.707532 0.004406 0.0837
16 524.7882 0.0059301988 -0.0040 -0.0102 0.0185 0.054588 2.938867 3.913729 0.001608 0.0432
17 525.0278 0.0014777006 0.0087 0.0058 -0.0024 0.027243 2.797667 3.614813 0.002282 0.0658
18 525.2690 0.0000000000 -0.0000 0.0000 0.0000 0.000000 2.604467 23.942924 0.000000 0.0000
19 525.3222 0.0006725751 0.0027 0.0063 -0.0023 0.018374 3.563873 3.984698 0.002172 0.1052
20 525.6926 0.0051550868 0.0189 0.0059 -0.0030 0.050852 2.869256 3.524549 0.001516 0.0432
21 525.8013 0.0010089846 0.0032 0.0001 0.0082 0.022495 3.469321 4.157249 0.001199 0.0333
22 525.9292 0.0000000000 -0.0000 0.0000 0.0000 0.000000 2.681194 24.562673 0.000000 0.0000
23 526.0317 0.0000400171 -0.0004 0.0006 -0.0016 0.004479 2.998589 4.025735 0.000899 0.0401
24 526.3762 0.0000000000 0.0000 -0.0000 -0.0000 0.000000 2.767914 24.196803 0.000000 0.0000
25 526.4811 0.0025931721 0.0133 0.0049 0.0001 0.036039 3.041736 4.020811 0.002951 0.0697
26 526.5628 0.0025831802 0.0015 -0.0131 0.0052 0.035967 2.902204 4.094976 0.001280 0.0478
27 526.8451 0.0000000000 -0.0000 -0.0000 -0.0000 0.000000 2.620325 23.664721 0.000000 0.0000
28 526.9346 0.0000000000 0.0000 0.0000 -0.0000 0.000000 2.655923 24.331016 0.000000 0.0000
29 527.0045 0.0067232175 -0.0096 0.0005 0.0207 0.058001 3.119812 3.620906 0.002572 0.0623
30 527.1469 0.0000000000 -0.0000 -0.0000 -0.0000 0.000000 2.434494 23.254598 0.000000 0.0000
31 527.3493 0.0007316906 0.0061 -0.0019 -0.0040 0.019128 3.103567 4.156657 0.001850 0.0517
32 527.4464 0.0000000000 -0.0000 0.0000 -0.0000 0.000000 2.719727 24.202706 0.000000 0.0000
33 527.7418 0.0004322075 0.0037 0.0032 -0.0031 0.014696 3.114497 3.798605 0.000542 0.0650
34 527.7776 0.0005413371 0.0037 0.0005 -0.0053 0.016446 2.937362 4.351697 0.000840 0.0492
35 527.9905 0.0027605889 -0.0086 0.0088 0.0079 0.037131 3.319121 4.047347 0.001893 0.0636
36 528.3128 0.0019112204 -0.0020 0.0120 -0.0003 0.030886 3.098513 3.787041 0.000826 0.0352
37 528.5658 0.0101982218 -0.0109 0.0258 0.0017 0.071329 2.990194 3.185511 0.002361 0.1128
38 528.6523 0.0000000000 0.0000 0.0000 0.0000 0.000000 2.857217 23.779587 0.000000 0.0000
39 528.8846 0.0028885868 0.0118 -0.0040 -0.0083 0.037950 3.137957 3.762291 0.001324 0.0662
40 529.0579 0.0000000000 0.0000 0.0000 -0.0000 0.000000 2.804479 24.523017 0.000000 0.0000
41 529.5997 0.0005794443 0.0002 -0.0066 0.0012 0.016986 3.028600 3.933608 0.000945 0.0580
42 529.6732 0.0000000000 -0.0000 -0.0000 0.0000 0.000000 2.759534 23.901486 0.000000 0.0000
43 529.8085 0.0014011542 0.0102 -0.0013 -0.0016 0.026408 3.116462 3.745254 0.001201 0.0969
44 530.2806 0.0000000000 -0.0000 0.0000 0.0000 0.000000 3.010143 23.971741 0.000000 0.0000
45 530.5059 0.0003057745 0.0029 0.0030 0.0025 0.012328 3.256873 4.030383 0.001264 0.0554
46 530.5610 0.0011999106 0.0059 -0.0036 -0.0067 0.024421 3.037745 3.476753 0.001451 0.0621
47 530.7858 0.0000000000 -0.0000 -0.0000 0.0000 0.000000 2.617165 24.126735 0.000000 0.0000
48 530.8354 0.0024579941 -0.0121 0.0048 -0.0045 0.034943 2.821017 3.456355 0.001951 0.0844
49 531.3897 0.0000000000 -0.0000 -0.0000 -0.0000 0.000000 2.281914 23.613051 0.000000 0.0000
50 531.4979 0.0012410874 -0.0038 0.0021 -0.0087 0.024814 2.652024 3.263859 0.001835 0.0785
51 531.9167 0.0018870724 0.0053 -0.0099 0.0043 0.030586 2.884663 3.937080 0.001995 0.1106
52 531.9896 0.0000000000 0.0000 -0.0000 0.0000 0.000000 2.420016 23.724309 0.000000 0.0000
53 532.7829 0.0000000000 0.0000 0.0000 -0.0000 0.000000 2.551937 24.273275 0.000000 0.0000
54 532.8180 0.0016576235 -0.0003 -0.0080 0.0079 0.028642 2.892710 3.888424 0.001292 0.0516
55 533.4864 0.0014366611 -0.0104 0.0013 0.0007 0.026648 2.806415 3.723207 0.001996 0.1325
56 533.7012 0.0003725326 -0.0053 -0.0001 -0.0005 0.013567 2.748717 3.463175 0.001235 0.0737
57 533.9543 0.0000000000 -0.0000 -0.0000 0.0000 0.000000 2.546532 23.763837 0.000000 0.0000
58 534.4146 0.0000000000 -0.0000 -0.0000 0.0000 0.000000 2.626540 24.353244 0.000000 0.0000
59 534.5285 0.0003317839 -0.0015 -0.0015 -0.0046 0.012794 2.738288 3.790860 0.000653 0.0861
60 535.3768 0.0012321613 -0.0014 -0.0032 0.0090 0.024635 2.872163 3.549911 0.000747 0.1022
61 535.4248 0.0000000000 -0.0000 -0.0000 0.0000 0.000000 2.603881 23.761536 0.000000 0.0000
62 535.4777 0.0004959489 -0.0018 0.0053 -0.0026 0.015628 2.871812 3.520081 0.001080 0.0952
63 535.8218 0.0067377483 -0.0173 -0.0038 -0.0141 0.057584 2.825727 3.183460 0.000770 0.1718
64 536.4636 0.0016755035 0.0049 0.0100 -0.0021 0.028698 2.761184 3.670008 0.000791 0.0946
65 536.6314 0.0000000000 -0.0000 0.0000 0.0000 0.000000 2.710237 24.136508 0.000000 0.0000
66 536.7201 0.0003688331 0.0010 -0.0043 -0.0029 0.013462 2.950747 3.395677 0.000948 0.1075
67 537.2487 0.0002440055 0.0008 0.0007 0.0042 0.010944 3.046412 3.876717 0.001156 0.1476
68 537.6545 0.0015297177 0.0076 0.0077 0.0002 0.027391 3.014890 3.834471 0.001439 0.0693
69 537.9600 0.0000000000 -0.0000 -0.0000 0.0000 0.000000 2.822190 24.083319 0.000000 0.0000
70 537.9898 0.0006097818 0.0014 0.0066 0.0004 0.017288 2.769919 3.571189 0.001125 0.1331
71 538.3642 0.0017905877 -0.0077 0.0087 -0.0009 0.029615 2.650009 3.639904 0.000675 0.0725
72 538.5859 0.0000000000 -0.0000 0.0000 0.0000 0.000000 2.622308 23.690137 0.000000 0.0000
73 538.8280 0.0014229825 -0.0099 0.0029 0.0006 0.026389 2.719062 3.661934 0.000849 0.0843
74 539.1016 0.0006119662 -0.0003 -0.0042 -0.0054 0.017301 3.086767 3.868390 0.000685 0.0590
75 539.5496 0.0012337050 0.0065 -0.0070 -0.0016 0.024555 2.851261 3.343046 0.000627 0.1735
76 539.6389 0.0000000000 -0.0000 -0.0000 -0.0000 0.000000 2.735813 23.973531 0.000000 0.0000
77 539.7069 0.0009153575 -0.0057 -0.0022 -0.0056 0.021148 2.651666 3.839516 0.001153 0.1002
78 540.2313 0.0000000000 -0.0000 -0.0000 0.0000 0.000000 2.841993 24.207814 0.000000 0.0000
79 540.3669 0.0019028169 -0.0107 -0.0053 0.0012 0.030472 2.769969 3.704654 0.001161 0.0432
80 540.9464 0.0026299718 0.0027 -0.0114 -0.0079 0.035806 2.612091 3.668108 0.001064 0.0891
81 541.0245 0.0058769907 -0.0081 -0.0126 -0.0148 0.053521 2.863236 3.764729 0.001519 0.1125
82 541.0794 0.0000000000 0.0000 0.0000 0.0000 0.000000 2.776977 23.869519 0.000000 0.0000
83 541.2492 0.0002223242 -0.0022 0.0030 -0.0016 0.010408 2.784324 3.995657 0.000665 0.0458
84 541.8412 0.0000000000 -0.0000 0.0000 0.0000 0.000000 1.704735 23.655299 0.000000 0.0000
85 541.8889 0.0036718296 0.0057 -0.0143 -0.0062 0.042271 2.769807 3.368725 0.000504 0.1597
86 542.0740 0.0002696514 0.0008 0.0015 0.0042 0.011453 2.844721 3.811448 0.000811 0.0670
87 542.3236 0.0007898702 -0.0035 0.0058 0.0036 0.019598 2.622069 4.030290 0.000588 0.0521
88 542.4151 0.0000000000 0.0000 0.0000 0.0000 0.000000 2.324674 24.696375 0.000000 0.0000
89 542.8166 0.0000000000 0.0000 0.0000 0.0000 0.000000 1.934816 23.624575 0.000000 0.0000
90 542.9653 0.0015433662 -0.0089 0.0010 -0.0060 0.027378 2.848213 3.573449 0.001111 0.1358
91 543.1831 0.0000000000 -0.0000 -0.0000 0.0000 0.000000 2.331195 23.730316 0.000000 0.0000
92 543.3858 0.0016893843 -0.0004 -0.0001 -0.0113 0.028633 2.829875 3.376836 0.000832 0.0924
93 544.0568 0.0006010975 0.0012 -0.0062 0.0022 0.017069 2.563052 3.840455 0.000656 0.0593
94 544.9152 0.0004016255 0.0037 0.0040 0.0007 0.013941 2.584613 3.489033 0.000576 0.1006
95 545.2904 0.0001766283 0.0001 0.0005 -0.0036 0.009242 2.597493 2.970306 0.000434 0.0765
96 545.9734 0.0001482071 0.0019 -0.0016 0.0022 0.008461 2.616389 3.526980 0.000330 0.0545
97 546.2354 0.0004787031 0.0009 0.0050 -0.0031 0.015202 2.747071 3.403148 0.000555 0.0669
98 546.3606 0.0000000000 0.0000 0.0000 0.0000 0.000000 1.937244 23.564711 0.000000 0.0000
99 546.5014 0.0008052891 0.0054 0.0040 -0.0039 0.019712 2.520916 3.511918 0.000458 0.0586
100 546.7956 0.0000000000 0.0000 0.0000 0.0000 0.000000 2.208309 24.334999 0.000000 0.0000
101 547.2855 0.0000000000 -0.0000 -0.0000 -0.0000 0.000000 1.709438 24.465924 0.000000 0.0000
102 547.3495 0.0013451872 0.0051 0.0003 0.0086 0.025457 2.721978 3.600589 0.000481 0.0702
103 547.5497 0.0058766039 0.0090 0.0073 0.0174 0.053199 2.732469 3.662256 0.001598 0.0829
104 547.6317 0.0000000000 0.0000 0.0000 0.0000 0.000000 2.086189 23.622133 0.000000 0.0000
105 548.0171 0.0046526712 -0.0070 0.0014 -0.0172 0.047316 2.732343 3.471288 0.001020 0.0559
106 548.4170 0.0021231755 0.0063 0.0017 0.0108 0.031951 2.721391 3.697150 0.000762 0.0505
107 548.6788 0.0000000000 -0.0000 -0.0000 0.0000 0.000000 2.783428 23.866388 0.000000 0.0000
108 548.8098 0.0016230903 0.0036 0.0059 0.0085 0.027926 2.670958 3.544457 0.000668 0.0593
109 548.8844 0.0000000000 -0.0000 0.0000 0.0000 0.000000 2.476445 24.161147 0.000000 0.0000
110 549.0971 0.0019101955 -0.0015 -0.0061 -0.0101 0.030288 2.801437 3.841324 0.001163 0.0663
111 549.2828 0.0017457308 -0.0040 -0.0019 0.0105 0.028950 2.817649 3.487086 0.000801 0.0501
112 549.7300 0.0000000000 0.0000 -0.0000 0.0000 0.000000 2.447254 24.260342 0.000000 0.0000
113 549.8144 0.0027052408 -0.0120 0.0054 -0.0052 0.036020 2.669494 3.368734 0.001489 0.0895
114 550.0273 0.0015702628 0.0010 0.0096 -0.0048 0.027438 2.756682 3.386569 0.000993 0.0645
115 550.5414 0.0081235816 -0.0202 0.0137 0.0019 0.062378 2.813645 3.191183 0.001043 0.0881
116 550.8088 0.0045339807 -0.0077 -0.0133 0.0100 0.046590 2.957367 3.633107 0.000399 0.0459
117 551.1355 0.0000000000 -0.0000 0.0000 -0.0000 0.000000 2.215182 23.892966 0.000000 0.0000
118 551.4747 0.0095487482 -0.0108 0.0242 0.0020 0.067572 2.683152 3.073453 0.001090 0.0942
119 551.6172 0.0019758122 -0.0043 0.0102 0.0049 0.030733 2.793554 3.642458 0.000747 0.0736
120 552.1535 0.0000000000 -0.0000 0.0000 -0.0000 0.000000 2.551798 23.875236 0.000000 0.0000
121 552.4374 0.0000000000 0.0000 -0.0000 -0.0000 0.000000 2.533897 23.986270 0.000000 0.0000
122 552.5270 0.0012869883 -0.0040 -0.0026 0.0085 0.024784 2.970618 3.988549 0.000313 0.0362
123 552.6670 0.0001851930 0.0000 -0.0029 0.0023 0.009400 2.761278 3.716187 0.000393 0.0544
124 553.2340 0.0019741910 0.0086 -0.0085 0.0001 0.030676 2.516652 3.287499 0.000871 0.0842
125 553.9757 0.0314089922 -0.0280 -0.0235 0.0313 0.122274 2.441594 2.647864 0.000488 0.0578
126 554.3617 0.0000000000 0.0000 -0.0000 0.0000 0.000000 1.839753 24.427171 0.000000 0.0000
127 554.4614 0.0017429567 -0.0106 -0.0038 -0.0009 0.028791 2.509016 3.409290 0.000391 0.0652
128 554.8521 0.0000000000 -0.0000 0.0000 -0.0000 0.000000 1.839130 23.523292 0.000000 0.0000
129 554.8743 0.0066556713 -0.0212 0.0032 -0.0053 0.056241 2.306351 3.303063 0.001051 0.1001
130 556.0127 0.0025554539 -0.0056 -0.0084 0.0093 0.034813 2.716988 3.600858 0.000168 0.0526
131 556.3102 0.0006980392 0.0033 -0.0032 -0.0055 0.018190 2.522657 3.471283 0.000620 0.0502
132 556.4311 0.0000000000 -0.0000 0.0000 0.0000 0.000000 1.616321 24.436509 0.000000 0.0000
133 556.9484 0.0000507628 0.0014 0.0012 0.0007 0.004903 2.501667 3.511644 0.000804 0.0871
134 557.1180 0.0002090361 0.0028 0.0024 0.0012 0.009947 2.624252 3.584522 0.000368 0.0614
135 558.0092 0.0012308607 0.0060 0.0052 -0.0052 0.024118 2.510461 3.423093 0.000434 0.0518
136 558.1653 0.0025741522 -0.0006 0.0052 -0.0127 0.034873 2.494891 3.143167 0.000341 0.0665
137 558.7711 0.0000000000 -0.0000 -0.0000 0.0000 0.000000 2.040290 24.313204 0.000000 0.0000
138 558.9308 0.0010019248 -0.0043 -0.0039 0.0062 0.021742 2.529246 3.197654 0.000607 0.0656
139 559.1417 0.0015326135 -0.0093 0.0046 0.0020 0.026885 2.651148 3.340563 0.000414 0.0739
140 559.3267 0.0000000000 -0.0000 0.0000 -0.0000 0.000000 2.245228 23.705346 0.000000 0.0000
141 559.8613 0.0017071942 -0.0060 -0.0093 0.0013 0.028357 2.470568 3.019324 0.000606 0.0969
142 559.9345 0.0000000000 -0.0000 0.0000 0.0000 0.000000 2.255864 23.609503 0.000000 0.0000
143 560.3557 0.0044126753 -0.0024 0.0087 0.0155 0.045569 2.509391 3.366561 0.001031 0.1802
144 560.5411 0.0027499731 -0.0035 0.0131 0.0042 0.035968 2.596480 3.453102 0.000784 0.1118
145 560.5841 0.0000000000 -0.0000 0.0000 0.0000 0.000000 2.651253 23.794312 0.000000 0.0000
146 560.8798 0.0000000000 -0.0000 0.0000 -0.0000 0.000000 1.710253 23.429722 0.000000 0.0000
147 560.9251 0.0000000000 -0.0000 0.0000 0.0000 0.000000 1.694718 23.671140 0.000000 0.0000
148 561.1144 0.0034072601 -0.0063 0.0091 0.0112 0.040016 2.484391 3.189296 0.000940 0.1157
149 561.4106 0.0029307920 0.0067 0.0115 0.0059 0.037103 2.632760 3.579380 0.000588 0.1779
150 561.6053 0.0000000000 0.0000 0.0000 0.0000 0.000000 1.983596 24.166586 0.000000 0.0000
