State  Frequency(eV)  OscillatorStrength  TransitionMoment_x  y  z  Trans.Dipole.Mom.(D) e-size(A)  RMS_e-h(A)  QTa  LOCa
1 518.5050 0.0025056304 -0.0133 -0.0019 -0.0041 0.035697 2.785954 3.129063 0.005352 0.0837
2 519.6414 0.0031832074 -0.0072 0.0136 0.0038 0.040191 3.633457 3.914472 0.003584 0.0267
3 520.0987 0.0027409017 0.0015 -0.0053 0.0136 0.037278 3.354554 3.510290 0.003200 0.0705
4 520.3984 0.0043876468 -0.0142 -0.0102 0.0060 0.047152 3.422330 3.792043 0.003034 0.0422
5 520.8761 0.0027262443 -0.0089 -0.0109 0.0039 0.037151 4.019474 4.539235 0.003783 0.0997
6 521.1718 0.0021159095 -0.0099 -0.0079 0.0024 0.032720 3.941212 4.422716 0.003954 0.0720
7 521.5745 0.0006105063 -0.0038 -0.0056 0.0012 0.017569 3.576521 3.953614 0.000852 0.0352
8 521.7451 0.0021225134 -0.0074 0.0089 0.0057 0.032753 3.578991 3.756470 0.001822 0.0360
9 522.4121 0.0137334923 -0.0274 0.0160 -0.0082 0.083260 3.338443 3.392518 0.004387 0.0923
10 522.6688 0.0065546415 0.0010 -0.0226 -0.0004 0.057506 3.150437 3.410583 0.002600 0.0879
11 522.9225 0.0005760665 -0.0044 -0.0051 0.0005 0.017044 3.083641 4.353908 0.001512 0.0371
12 523.5665 0.0029314560 -0.0135 0.0048 -0.0049 0.038425 3.352998 3.760260 0.002943 0.0771
13 523.9119 0.0016635496 -0.0032 0.0038 0.0102 0.028936 3.012171 3.112114 0.002775 0.2006
14 524.9314 0.0071304516 0.0035 -0.0142 -0.0185 0.059849 2.938117 3.564909 0.002073 0.0584
15 525.0697 0.0042471144 -0.0069 -0.0008 0.0168 0.046184 3.260621 3.668121 0.002306 0.0601
16 525.1741 0.0006709339 0.0022 0.0069 -0.0003 0.018354 3.525652 3.791886 0.002154 0.0764
17 525.3005 0.0007761998 -0.0075 -0.0006 -0.0019 0.019739 3.158972 3.991340 0.000943 0.0727
18 525.6162 0.0006453978 0.0060 0.0027 -0.0026 0.017994 3.449834 3.910168 0.000680 0.0703
19 525.7656 0.0047645001 0.0187 -0.0039 -0.0024 0.048884 3.222942 3.662025 0.001598 0.0962
20 526.0113 0.0029652537 0.0082 0.0108 0.0068 0.038556 3.460551 3.943678 0.003000 0.0667
21 526.0615 0.0037856213 -0.0007 0.0171 -0.0006 0.043562 3.427887 3.737411 0.002290 0.0588
22 526.1405 0.0007852362 -0.0058 0.0013 -0.0050 0.019838 3.612707 4.401359 0.001770 0.0505
23 526.2630 0.0023192367 -0.0048 -0.0041 -0.0118 0.034090 3.645545 3.735645 0.001813 0.0629
24 526.7191 0.0017523060 -0.0056 -0.0074 -0.0070 0.029619 3.637142 3.929114 0.001782 0.0758
25 526.8162 0.0017618707 0.0076 -0.0047 -0.0075 0.029697 3.296710 3.793324 0.001550 0.0462
26 526.8619 0.0024859518 0.0026 0.0084 0.0108 0.035274 3.749503 4.054884 0.001109 0.0620
27 527.0224 0.0003822620 -0.0027 -0.0014 0.0045 0.013830 3.801331 3.933590 0.001424 0.0648
28 527.1120 0.0034180744 -0.0014 -0.0162 -0.0006 0.041352 3.471860 3.888747 0.002126 0.0648
29 527.4185 0.0022087806 0.0088 0.0065 -0.0072 0.033232 3.365036 3.702577 0.002313 0.0550
30 527.5848 0.0018236859 0.0037 0.0100 -0.0052 0.030191 3.714113 3.851555 0.002093 0.1240
31 527.7906 0.0018875807 -0.0074 0.0064 0.0071 0.030710 3.685041 3.834184 0.001564 0.0771
32 527.9689 0.0044231363 -0.0114 0.0145 0.0003 0.047002 3.721001 3.842361 0.001793 0.1076
33 528.1198 0.0007260416 0.0058 -0.0018 -0.0043 0.019040 3.587691 4.365645 0.001591 0.0530
34 528.3464 0.0011452937 0.0023 0.0079 -0.0046 0.023908 3.311742 3.720228 0.001561 0.0706
35 528.6250 0.0004779970 0.0050 -0.0008 0.0034 0.015442 3.724404 3.870715 0.000991 0.0586
36 528.9743 0.0012408224 -0.0096 -0.0014 -0.0009 0.024871 3.716189 3.999490 0.001240 0.0615
37 529.0858 0.0016636366 0.0085 -0.0021 0.0071 0.028795 3.661346 3.715608 0.000866 0.0545
38 529.1463 0.0005734123 0.0064 0.0007 0.0018 0.016904 3.618521 4.216412 0.000976 0.0492
39 529.5421 0.0015045143 0.0044 -0.0094 0.0030 0.027372 3.326598 3.608325 0.001291 0.0490
40 529.7840 0.0024890020 -0.0019 -0.0115 0.0075 0.035198 3.769941 3.940127 0.001479 0.0460
41 530.1195 0.0024525609 -0.0005 0.0131 -0.0041 0.034928 3.828639 3.893832 0.001096 0.0472
42 530.3058 0.0003020583 0.0010 0.0001 -0.0047 0.012256 3.821939 4.419114 0.000630 0.0549
43 530.6180 0.0001638329 0.0002 0.0035 -0.0008 0.009023 3.656332 3.993306 0.000853 0.0548
44 530.7989 0.0003287495 0.0034 0.0028 -0.0024 0.012780 3.639055 4.027278 0.000511 0.0284
45 531.0362 0.0008402487 -0.0042 0.0058 -0.0038 0.020427 3.352891 3.651716 0.001221 0.0690
46 531.5943 0.0026541361 0.0103 -0.0047 0.0087 0.036285 3.452977 3.640306 0.000838 0.1023
47 531.9616 0.0023454292 0.0130 0.0008 0.0033 0.034098 3.432774 3.527595 0.001384 0.1212
48 532.1791 0.0011628905 -0.0088 0.0012 -0.0031 0.024005 3.430591 3.522904 0.001126 0.0657
49 532.5197 0.0006217253 -0.0032 -0.0054 0.0028 0.017546 3.353985 4.350253 0.000933 0.0634
50 532.7234 0.0011937277 0.0090 0.0003 -0.0033 0.024308 3.480967 3.789167 0.000855 0.0569
51 533.2320 0.0031248829 0.0042 0.0084 -0.0123 0.039311 3.311449 3.403357 0.000689 0.1049
52 533.4212 0.0010785978 0.0054 0.0051 -0.0052 0.023091 3.383238 3.447206 0.000923 0.0686
53 533.7953 0.0011135763 0.0069 -0.0029 -0.0054 0.023454 3.566886 3.856096 0.001076 0.0887
54 534.2206 0.0012922807 -0.0012 -0.0001 -0.0099 0.025256 2.916386 3.174350 0.000919 0.0467
55 534.8165 0.0005130269 0.0039 0.0049 0.0005 0.015905 3.360809 3.496780 0.000866 0.0718
56 535.2082 0.0001615996 0.0002 0.0034 -0.0007 0.008923 3.297860 3.541104 0.000834 0.0696
57 535.4125 0.0002159830 0.0010 -0.0038 0.0010 0.010314 3.307614 3.408543 0.000570 0.1436
58 535.5894 0.0000253355 -0.0013 0.0003 -0.0004 0.003532 3.061461 3.681031 0.000735 0.0771
59 536.2470 0.0007737293 -0.0038 0.0009 -0.0066 0.019506 3.338138 3.570958 0.001220 0.0846
60 536.2989 0.0022133947 0.0091 -0.0073 0.0057 0.032990 3.092762 3.199003 0.000907 0.1857
61 536.5009 0.0009198364 0.0057 0.0013 -0.0060 0.021263 3.345509 3.409354 0.000629 0.0864
62 536.6693 0.0018526127 -0.0089 -0.0036 0.0069 0.030171 3.362684 3.888216 0.001000 0.0986
63 536.9120 0.0002246832 -0.0035 -0.0017 -0.0013 0.010505 3.487398 3.622598 0.001362 0.1498
64 537.4173 0.0017273338 -0.0027 0.0079 0.0079 0.029113 3.548162 3.740752 0.000894 0.0706
65 537.5782 0.0015896570 0.0100 -0.0016 -0.0043 0.027924 3.339394 3.673765 0.000997 0.1110
66 538.2463 0.0039422982 0.0048 -0.0126 -0.0109 0.043948 3.131680 3.687570 0.000629 0.0810
67 538.3300 0.0003465459 -0.0035 -0.0032 0.0020 0.013029 3.271775 3.400619 0.001013 0.1392
68 538.4937 0.0006839634 -0.0039 0.0014 0.0059 0.018301 3.341404 3.521907 0.001062 0.1079
69 538.7149 0.0004543599 0.0015 0.0046 -0.0034 0.014913 3.762121 3.911819 0.001018 0.0547
70 539.4106 0.0007269428 -0.0012 -0.0071 0.0017 0.018851 3.342465 3.446177 0.000589 0.1033
71 539.6775 0.0000733667 0.0013 0.0008 -0.0018 0.005987 3.630021 3.994652 0.000462 0.0904
72 539.8899 0.0003022432 0.0012 0.0046 -0.0008 0.012150 3.608572 3.874232 0.001230 0.0766
73 540.1960 0.0019336402 0.0121 0.0005 0.0006 0.030723 3.335990 3.705937 0.001172 0.0828
74 540.3628 0.0009233506 -0.0026 0.0073 0.0032 0.021227 3.062533 3.679644 0.000760 0.0938
75 540.6488 0.0002614431 0.0020 0.0038 0.0013 0.011292 3.313484 3.509437 0.001030 0.0702
76 540.8712 0.0006842575 -0.0040 -0.0051 -0.0030 0.018265 3.485050 3.765959 0.000699 0.0790
77 541.0442 0.0012345533 0.0031 -0.0032 0.0086 0.024530 3.316798 3.594904 0.000380 0.1310
78 541.2467 0.0017981426 -0.0003 -0.0108 -0.0044 0.029598 3.520958 3.594970 0.001112 0.0815
79 541.4766 0.0017378419 -0.0045 0.0075 0.0073 0.029092 3.262083 3.520756 0.000877 0.1132
80 541.6021 0.0010662876 0.0050 -0.0073 -0.0017 0.022785 3.838346 4.234201 0.000718 0.0689
81 541.9706 0.0007240452 -0.0056 -0.0048 0.0010 0.018769 3.660193 3.749437 0.000540 0.0863
82 542.1461 0.0020743070 0.0008 -0.0125 -0.0006 0.031764 3.271225 3.707167 0.001395 0.1827
83 542.3813 0.0000277685 -0.0000 -0.0005 -0.0013 0.003674 3.061822 3.828278 0.000761 0.0779
84 542.4058 0.0024273593 0.0120 -0.0063 0.0008 0.034352 3.587207 3.682926 0.001147 0.1100
85 542.7665 0.0007237740 0.0065 -0.0009 -0.0033 0.018752 3.338236 3.541823 0.000817 0.1259
86 542.9539 0.0018992050 0.0059 -0.0102 0.0020 0.030371 3.303714 3.714625 0.000921 0.1035
87 543.0609 0.0001360578 0.0012 0.0017 0.0025 0.008128 3.503773 4.128053 0.000663 0.0605
88 543.2723 0.0019456269 -0.0119 -0.0005 0.0020 0.030731 3.275725 3.352199 0.001058 0.1215
89 543.8616 0.0001550628 -0.0032 -0.0010 -0.0004 0.008671 3.156318 3.349193 0.000522 0.0747
90 544.1884 0.0042366321 -0.0126 -0.0099 -0.0079 0.045309 3.172796 3.308234 0.000916 0.1055
91 544.6457 0.0014995140 -0.0093 0.0051 -0.0000 0.026945 3.078768 3.328530 0.000689 0.1342
92 545.0473 0.0023534829 -0.0074 0.0054 0.0096 0.033744 3.139319 3.313408 0.001276 0.1522
93 545.5723 0.0006710660 0.0069 -0.0005 -0.0014 0.018010 3.145692 3.692104 0.000734 0.0964
94 546.1539 0.0006027089 0.0044 0.0031 0.0040 0.017059 3.101539 3.180978 0.000715 0.0794
95 546.3816 0.0052744626 -0.0079 -0.0179 -0.0031 0.050454 2.905477 2.987209 0.000631 0.1156
96 546.9830 0.0017744220 -0.0025 0.0098 0.0054 0.029248 3.290651 3.412123 0.000668 0.0725
97 547.0619 0.0001623545 0.0011 0.0027 0.0019 0.008846 3.218114 3.295249 0.000769 0.0649
98 547.3384 0.0028095684 -0.0076 -0.0120 0.0025 0.036791 3.263018 3.391393 0.001170 0.1117
99 547.3861 0.0006145304 -0.0006 -0.0035 0.0058 0.017206 3.209952 3.369695 0.000519 0.0684
100 547.6389 0.0024167670 -0.0068 0.0025 -0.0113 0.034113 3.319146 3.381656 0.001028 0.0699
101 547.9647 0.0004856469 0.0040 -0.0044 0.0007 0.015288 3.168312 3.291441 0.001115 0.0954
102 548.0714 0.0010483167 0.0058 -0.0060 0.0029 0.022459 3.552119 3.856183 0.000441 0.0740
103 548.3952 0.0014600226 0.0033 0.0029 0.0095 0.026496 3.636290 3.761615 0.000998 0.0487
104 548.5477 0.0016922235 -0.0080 -0.0074 -0.0024 0.028522 3.488646 3.600786 0.000883 0.0650
105 549.1212 0.0002283399 0.0009 0.0017 -0.0036 0.010472 3.192571 3.743246 0.000502 0.0686
106 549.1694 0.0003452927 0.0004 0.0048 0.0017 0.012876 3.135920 3.610948 0.000535 0.0403
107 549.2079 0.0018307332 0.0052 -0.0048 -0.0093 0.029648 3.429812 3.461318 0.000502 0.0766
108 549.6008 0.0013486278 -0.0045 -0.0012 -0.0089 0.025438 2.985027 3.228139 0.000623 0.0815
109 549.9358 0.0028055661 -0.0118 0.0072 -0.0042 0.036678 3.238866 3.575793 0.001056 0.0965
110 550.0559 0.0009402389 -0.0065 0.0045 -0.0027 0.021231 3.067715 3.318190 0.001424 0.0951
111 550.6339 0.0014631851 0.0095 -0.0023 -0.0036 0.026471 3.165240 3.835334 0.001036 0.0499
112 551.0203 0.0009518282 0.0071 0.0038 -0.0025 0.021343 3.161921 3.489906 0.000794 0.1200
113 551.1497 0.0060379695 0.0189 0.0078 0.0055 0.053748 3.222894 3.400300 0.001051 0.0954
114 551.4616 0.0022404997 -0.0089 -0.0003 -0.0093 0.032732 2.983842 3.493022 0.000851 0.0960
115 551.7642 0.0007090981 0.0007 -0.0069 0.0022 0.018409 3.369881 3.751964 0.000485 0.0432
116 552.2558 0.0022303554 -0.0081 -0.0068 0.0073 0.032634 3.093220 3.272621 0.001030 0.1270
117 552.3165 0.0060565278 -0.0055 0.0204 -0.0004 0.053774 3.022029 3.169385 0.000595 0.0825
118 552.7098 0.0013094276 0.0095 0.0014 0.0023 0.024995 2.787491 3.708651 0.000798 0.0436
119 552.9392 0.0044496308 -0.0067 -0.0110 0.0128 0.046066 3.672072 3.681125 0.000693 0.0832
120 553.2272 0.0006186696 0.0006 -0.0067 0.0002 0.017172 3.897215 3.909129 0.001058 0.0940
121 553.7597 0.0011577878 0.0001 -0.0076 0.0052 0.023480 3.393367 3.748489 0.001401 0.0811
122 553.8818 0.0045469032 -0.0057 0.0088 -0.0150 0.046527 3.155890 3.275403 0.001346 0.1001
123 554.1541 0.0011450815 0.0019 0.0014 -0.0089 0.023343 3.301447 3.744526 0.000236 0.1223
124 554.7895 0.0069171648 0.0076 -0.0067 0.0202 0.057339 2.872199 2.949583 0.000332 0.0924
125 554.8713 0.0031665199 0.0096 0.0078 -0.0090 0.038793 3.232701 3.359065 0.000691 0.0669
126 555.3445 0.0007078340 0.0010 -0.0034 0.0063 0.018333 3.264975 3.497890 0.000788 0.0583
127 555.5057 0.0012089309 -0.0021 0.0038 -0.0084 0.023956 3.522129 3.665648 0.000929 0.0509
128 555.6637 0.0036951436 0.0014 -0.0037 -0.0160 0.041876 3.196560 3.237602 0.000457 0.1019
129 556.1037 0.0029270139 0.0071 -0.0002 -0.0128 0.037255 3.012872 3.306943 0.000379 0.0572
130 556.5798 0.0029477686 -0.0047 -0.0071 -0.0120 0.037371 3.080154 3.260990 0.000396 0.0673
131 557.2048 0.0014946769 0.0085 0.0022 0.0057 0.026596 3.143102 3.537538 0.000679 0.0565
132 557.5219 0.0013147782 -0.0045 0.0003 -0.0087 0.024937 2.999324 3.313152 0.001023 0.1141
133 557.8623 0.0032861281 0.0043 -0.0052 -0.0140 0.039412 3.047776 3.453029 0.000845 0.0963
134 558.1514 0.0006415852 0.0022 0.0065 0.0005 0.017410 3.257283 3.503515 0.000469 0.0719
135 558.5943 0.0021450012 0.0093 0.0078 -0.0031 0.031821 3.172632 3.503206 0.000755 0.0781
136 558.7577 0.0003815054 0.0035 -0.0039 0.0004 0.013418 3.222257 3.445561 0.001085 0.0807
137 559.1873 0.0027376418 0.0130 -0.0049 -0.0024 0.035930 3.049276 3.272178 0.001304 0.0700
138 559.4743 0.0017835119 0.0067 0.0023 0.0089 0.028994 2.898092 3.508180 0.000915 0.1249
139 559.9288 0.0001416985 -0.0023 0.0016 -0.0016 0.008169 3.075584 3.734398 0.000596 0.0582
140 560.3300 0.0021384877 -0.0014 -0.0121 -0.0028 0.031724 2.947508 3.294383 0.001064 0.1394
141 560.4062 0.0003316581 0.0026 -0.0010 0.0040 0.012492 2.758674 3.271933 0.000541 0.0991
142 560.5229 0.0016796351 -0.0013 0.0005 0.0110 0.028110 3.016552 3.169544 0.000993 0.1615
143 560.7785 0.0039297725 -0.0071 0.0044 0.0147 0.042987 3.019590 3.231320 0.000528 0.1134
144 561.3933 0.0002835485 -0.0042 -0.0014 0.0010 0.011541 3.272830 3.442337 0.001275 0.1187
145 561.4674 0.0011018778 -0.0002 -0.0022 -0.0087 0.022749 2.944645 3.276198 0.000449 0.0667
146 561.8097 0.0010692758 0.0017 -0.0086 -0.0011 0.022403 3.014188 3.077439 0.000651 0.1074
147 562.1130 0.0020226736 -0.0118 0.0027 0.0007 0.030804 3.051459 3.417811 0.000852 0.0746
148 562.3655 0.0008236237 0.0036 -0.0023 0.0065 0.019652 3.243822 3.323134 0.000598 0.1053
149 562.7874 0.0000543901 -0.0004 0.0004 0.0019 0.005048 3.251584 3.660311 0.000560 0.1151
150 563.0454 0.0000567049 -0.0001 -0.0002 -0.0020 0.005153 3.070615 3.299564 0.000830 0.0586
