$runtype
which=0
/

$params
Elo=1000d0
Ehi=1200d0
dE=0.01d0
Broadtype=1
FWHM=3.0d0
/

PEAKS
1015.5947 0.0001436989
1016.1125 0.0039231162
1019.4799 0.0056291734
1020.3374 0.0001363831
1020.3908 0.0006580160
1021.9017 0.0000641977
1022.0074 0.0000037539
1022.8735 0.0000832465
1024.2698 0.0000344959
1025.9436 0.0000000000
1026.0229 0.0002962385
1026.3426 0.0000112295
1026.7941 0.0000309123
1029.8654 0.0000187952
1031.0225 0.0000000000
1031.5910 0.0024879424
1032.2421 0.0000054369
1032.3558 0.0000000000
1033.4347 0.0000014310
1033.6366 0.0000000000
1033.6409 0.0000041848
1033.7585 0.0000088533
1036.3245 0.0000012090
1037.0197 0.0000000000
1037.3888 0.0000007901
1037.9546 0.0000301283
1038.8370 0.0000000000
1039.8489 0.0006782794
1040.0338 0.0000534970
1040.9497 0.0000000000
1041.5821 0.0000230936
1043.7973 0.0001505111
1044.1457 0.0000561716
1044.8512 0.0000371986
1045.6233 0.0000000000
1046.0760 0.0024647590
1046.2369 0.0002289224
1047.1583 0.0000020393
1047.2148 0.0000205317
1048.0606 0.0000570352
1048.5352 0.0000000000
1048.8114 0.0012679844
1049.2332 0.0005367738
1049.4525 0.0000000000
1049.5140 0.0001247183
1050.4238 0.0000000000
1050.4591 0.0000000000
1050.8574 0.0000236800
1051.6630 0.0000074418
1052.5154 0.0000156694
1053.7321 0.0000000000
1054.4208 0.0000000000
1055.8448 0.0000034651
1056.5594 0.0000020787
1056.9773 0.0000000000
1057.0386 0.0000331902
1058.7626 0.0000000000
1060.0973 0.0000133313
1060.4235 0.0000000000
1064.4768 0.0000000000
1072.7333 0.0051181311
1076.6501 0.0132767459
1079.0566 0.0000065444
1080.5478 0.0000091823
1080.9623 0.0000000000
1083.4583 0.0000054691
1084.6020 0.0000000000
1085.5158 0.0000093764
1087.8140 0.0000000000
1088.2593 0.0000003436
1088.5546 0.0000029263
1097.5144 0.0000000000
1107.6450 0.0073048415
1110.8695 0.0100656112
1112.5459 0.0000000000
1114.1026 0.0000000000
1114.6173 0.0000000000
1115.3482 0.0000216285
1115.5023 0.0000000000
1115.9682 0.0001168590
1116.1472 0.0001598641
1117.2284 0.0000551416
