$runtype
which=0
/

$params
Elo=500d0
Ehi=615d0
dE=0.01d0
Broadtype=1
FWHM=1.0d0
/

PEAKS
518.1731 0.0036989659
519.4636 0.0071912380
519.6914 0.0000000000
519.9674 0.0015654244
520.4767 0.0022266496
520.8001 0.0000000000
520.9594 0.0103081368
521.1246 0.0096455942
521.6517 0.0000000000
522.2614 0.0037305458
522.3719 0.0000000000
522.8464 0.0019019682
523.7110 0.0074346022
524.1291 0.0043284929
524.6633 0.0152036222
524.7882 0.0059301988
525.0278 0.0014777006
525.2690 0.0000000000
525.3222 0.0006725751
525.6926 0.0051550868
525.8013 0.0010089846
525.9292 0.0000000000
526.0317 0.0000400171
526.3762 0.0000000000
526.4811 0.0025931721
526.5628 0.0025831802
526.8451 0.0000000000
526.9346 0.0000000000
527.0045 0.0067232175
527.1469 0.0000000000
527.3493 0.0007316906
527.4464 0.0000000000
527.7418 0.0004322075
527.7776 0.0005413371
527.9905 0.0027605889
528.3128 0.0019112204
528.5658 0.0101982218
528.6523 0.0000000000
528.8846 0.0028885868
529.0579 0.0000000000
529.5997 0.0005794443
529.6732 0.0000000000
529.8085 0.0014011542
530.2806 0.0000000000
530.5059 0.0003057745
530.5610 0.0011999106
530.7858 0.0000000000
530.8354 0.0024579941
531.3897 0.0000000000
531.4979 0.0012410874
531.9167 0.0018870724
531.9896 0.0000000000
532.7829 0.0000000000
532.8180 0.0016576235
533.4864 0.0014366611
533.7012 0.0003725326
533.9543 0.0000000000
534.4146 0.0000000000
534.5285 0.0003317839
535.3768 0.0012321613
535.4248 0.0000000000
535.4777 0.0004959489
535.8218 0.0067377483
536.4636 0.0016755035
536.6314 0.0000000000
536.7201 0.0003688331
537.2487 0.0002440055
537.6545 0.0015297177
537.9600 0.0000000000
537.9898 0.0006097818
538.3642 0.0017905877
538.5859 0.0000000000
538.8280 0.0014229825
539.1016 0.0006119662
539.5496 0.0012337050
539.6389 0.0000000000
539.7069 0.0009153575
540.2313 0.0000000000
540.3669 0.0019028169
540.9464 0.0026299718
541.0245 0.0058769907
541.0794 0.0000000000
541.2492 0.0002223242
541.8412 0.0000000000
541.8889 0.0036718296
542.0740 0.0002696514
542.3236 0.0007898702
542.4151 0.0000000000
542.8166 0.0000000000
542.9653 0.0015433662
543.1831 0.0000000000
543.3858 0.0016893843
544.0568 0.0006010975
544.9152 0.0004016255
545.2904 0.0001766283
545.9734 0.0001482071
546.2354 0.0004787031
546.3606 0.0000000000
546.5014 0.0008052891
546.7956 0.0000000000
547.2855 0.0000000000
547.3495 0.0013451872
547.5497 0.0058766039
547.6317 0.0000000000
548.0171 0.0046526712
548.4170 0.0021231755
548.6788 0.0000000000
548.8098 0.0016230903
548.8844 0.0000000000
549.0971 0.0019101955
549.2828 0.0017457308
549.7300 0.0000000000
549.8144 0.0027052408
550.0273 0.0015702628
550.5414 0.0081235816
550.8088 0.0045339807
551.1355 0.0000000000
551.4747 0.0095487482
551.6172 0.0019758122
552.1535 0.0000000000
552.4374 0.0000000000
552.5270 0.0012869883
552.6670 0.0001851930
553.2340 0.0019741910
553.9757 0.0314089922
554.3617 0.0000000000
554.4614 0.0017429567
554.8521 0.0000000000
554.8743 0.0066556713
556.0127 0.0025554539
556.3102 0.0006980392
556.4311 0.0000000000
556.9484 0.0000507628
557.1180 0.0002090361
558.0092 0.0012308607
558.1653 0.0025741522
558.7711 0.0000000000
558.9308 0.0010019248
559.1417 0.0015326135
559.3267 0.0000000000
559.8613 0.0017071942
559.9345 0.0000000000
560.3557 0.0044126753
560.5411 0.0027499731
560.5841 0.0000000000
560.8798 0.0000000000
560.9251 0.0000000000
561.1144 0.0034072601
561.4106 0.0029307920
561.6053 0.0000000000
