State  Frequency(eV)  OscillatorStrength  TransitionMoment_x  y  z  Trans.Dipole.Mom.(D) e-size(A)  RMS_e-h(A)  QTa  LOCa
1 1018.1640 0.0007681878 -0.0045 -0.0032 -0.0004 0.014105 1.147473 1.155543 0.000453 0.0443
2 1021.8340 0.0000137744 -0.0003 0.0007 0.0001 0.001885 1.454506 3.990535 0.000039 0.0026
3 1022.2625 0.0001184936 -0.0017 0.0014 -0.0002 0.005529 0.700610 3.197225 0.000088 0.0186
4 1022.5483 0.0007572604 0.0054 -0.0008 -0.0005 0.013974 0.955765 3.169692 0.000021 0.0075
5 1023.3299 0.0000183526 -0.0005 -0.0007 -0.0002 0.002175 1.578419 3.263861 0.000007 0.0040
6 1024.1284 0.0001478741 0.0022 -0.0009 -0.0001 0.006171 1.094340 3.148054 0.000064 0.0086
7 1024.3983 0.0000109000 0.0002 -0.0006 -0.0001 0.001675 1.868158 3.973790 0.000015 0.0033
8 1025.2674 0.0000157775 0.0000 0.0008 0.0000 0.002014 2.074885 3.433429 0.000024 0.0058
9 1026.9122 0.0001823904 -0.0021 0.0017 0.0001 0.006844 0.682341 3.176744 0.000035 0.0035
10 1026.9998 0.0000561095 -0.0015 0.0001 0.0002 0.003796 1.895192 3.247916 0.000026 0.0044
11 1027.0482 0.0000031165 0.0003 -0.0001 -0.0002 0.000895 2.407729 3.719383 0.000034 0.0056
12 1028.7516 0.0001553912 -0.0006 0.0024 -0.0000 0.006311 1.426762 3.268240 0.000090 0.0068
13 1028.8698 0.0001223732 -0.0012 0.0018 -0.0002 0.005600 1.990106 3.518301 0.000051 0.0096
14 1030.0355 0.0017558531 -0.0047 0.0068 0.0010 0.021202 1.699076 3.087060 0.000123 0.0121
15 1030.8112 0.0194155936 0.0161 -0.0225 -0.0020 0.070476 1.559989 1.610696 0.000397 0.0393
16 1030.9487 0.0014062244 0.0045 -0.0059 -0.0007 0.018965 1.381453 4.028904 0.000112 0.0090
17 1032.4918 0.0000167572 0.0005 0.0003 0.0006 0.002069 1.465176 3.110142 0.000029 0.0038
18 1034.4263 0.0000111020 0.0000 0.0006 -0.0002 0.001682 1.639800 3.226766 0.000034 0.0034
19 1034.5175 0.0000041313 -0.0001 -0.0002 0.0004 0.001026 1.897801 3.231528 0.000056 0.0097
20 1035.5149 0.0000834415 -0.0008 -0.0016 -0.0002 0.004610 1.456110 3.141406 0.000167 0.0186
21 1035.6314 0.0000812008 -0.0017 -0.0007 0.0001 0.004547 2.512912 3.736055 0.000164 0.0164
22 1035.7525 0.0002003224 -0.0015 -0.0024 0.0000 0.007142 2.401706 3.410895 0.000140 0.0129
23 1036.7753 0.0006985900 -0.0043 -0.0029 -0.0004 0.013330 1.908203 1.978544 0.000591 0.0692
24 1037.2050 0.0001561078 0.0017 0.0017 0.0005 0.006300 1.697870 2.970507 0.000292 0.0311
25 1037.7933 0.0000012921 -0.0000 0.0001 0.0002 0.000573 0.716778 0.750543 0.000015 0.0024
26 1038.0921 0.0000228209 -0.0008 -0.0005 -0.0000 0.002408 1.383483 3.133900 0.000087 0.0105
27 1039.7737 0.0000078684 0.0003 0.0004 -0.0002 0.001413 1.579417 3.144401 0.000051 0.0074
28 1040.2818 0.0000002264 -0.0000 0.0001 0.0000 0.000240 0.616770 4.268093 0.000005 0.0009
29 1042.1320 0.0000007159 -0.0001 0.0001 -0.0001 0.000426 0.940144 4.071563 0.000010 0.0019
30 1045.2277 0.0000424170 0.0002 -0.0001 -0.0013 0.003271 0.868598 0.885102 0.000015 0.0064
31 1045.9642 0.0000126521 0.0004 -0.0003 -0.0004 0.001786 1.419699 3.139032 0.000045 0.0051
32 1046.0245 0.0000024560 -0.0000 0.0001 0.0003 0.000787 1.288190 3.201431 0.000018 0.0028
33 1046.1727 0.0000425455 -0.0002 0.0007 -0.0011 0.003275 1.601774 2.992476 0.000048 0.0052
34 1046.7536 0.0000148438 -0.0006 0.0005 0.0002 0.001934 1.314180 3.218421 0.000065 0.0077
35 1046.9235 0.0000135147 -0.0001 0.0007 0.0002 0.001845 1.955701 3.692623 0.000012 0.0037
36 1047.1077 0.0000333223 -0.0003 0.0005 -0.0010 0.002897 3.548085 3.585416 0.000061 0.0055
37 1047.1450 0.0000225284 0.0008 0.0002 0.0003 0.002382 3.642105 3.688279 0.000031 0.0071
38 1047.7140 0.0006689086 -0.0014 -0.0016 0.0047 0.012975 1.461740 1.469933 0.000146 0.0199
39 1048.5601 0.0000175728 -0.0007 -0.0003 -0.0002 0.002102 1.894208 2.980607 0.000096 0.0127
40 1048.6706 0.0000091890 -0.0001 -0.0000 0.0006 0.001520 2.126438 3.386078 0.000059 0.0063
41 1049.3416 0.0000413440 0.0002 0.0001 0.0013 0.003223 1.688757 3.026945 0.000045 0.0060
42 1049.7427 0.0000647347 -0.0013 -0.0009 0.0003 0.004033 1.215894 3.096965 0.000141 0.0192
43 1050.4193 0.0000767198 -0.0010 0.0012 -0.0006 0.004389 1.619017 1.659672 0.000208 0.0277
44 1050.6514 0.0011882132 0.0055 0.0040 0.0007 0.017269 1.815736 1.912446 0.000511 0.0605
45 1051.2081 0.0001461238 -0.0022 -0.0009 0.0003 0.006054 1.880086 2.922092 0.000198 0.0216
46 1051.8694 0.0000436171 -0.0010 -0.0007 0.0004 0.003307 1.363423 3.141380 0.000104 0.0124
47 1052.4801 0.0000090927 0.0003 0.0005 -0.0001 0.001509 2.780907 3.140495 0.000040 0.0099
48 1052.6030 0.0001040470 0.0016 0.0006 0.0011 0.005105 2.975890 3.079784 0.000143 0.0128
49 1052.8085 0.0001638523 -0.0015 -0.0019 0.0007 0.006406 2.653466 2.961966 0.000168 0.0187
50 1053.9241 0.0000187238 -0.0005 -0.0002 0.0007 0.002164 1.371508 3.173164 0.000041 0.0049
51 1055.1591 0.0000035778 0.0001 0.0003 0.0002 0.000946 0.800577 3.299039 0.000011 0.0015
52 1055.8398 0.0012591171 0.0005 0.0001 0.0070 0.017733 2.455004 2.710371 0.000021 0.0031
53 1056.1309 0.0000492740 0.0001 -0.0002 0.0014 0.003508 2.850166 3.116061 0.000027 0.0044
54 1056.8644 0.0021655038 0.0011 -0.0003 0.0091 0.023245 2.054054 2.286198 0.000064 0.0074
55 1057.7214 0.0008180812 0.0008 -0.0015 0.0054 0.014281 1.581582 2.749671 0.000048 0.0045
56 1059.3455 0.0000472860 -0.0012 0.0001 -0.0005 0.003431 0.974346 3.128002 0.000087 0.0084
57 1059.9316 0.0007210457 -0.0032 0.0040 0.0011 0.013394 1.206409 1.223997 0.000324 0.0303
58 1061.2390 0.0000037048 0.0002 -0.0001 -0.0003 0.000959 1.149285 3.083489 0.000058 0.0063
59 1061.9652 0.0000227853 0.0009 0.0000 0.0002 0.002379 1.482888 3.085643 0.000045 0.0050
60 1062.9209 0.0000154792 -0.0000 0.0001 0.0008 0.001960 1.386097 3.157145 0.000008 0.0018
61 1072.3874 0.0000014917 -0.0002 -0.0002 -0.0000 0.000606 0.683059 4.230332 0.000003 0.0012
62 1078.2091 0.0000559285 -0.0011 -0.0010 0.0001 0.003698 0.825951 4.065580 0.000061 0.0093
63 1080.3768 0.0000260783 -0.0009 -0.0003 0.0002 0.002523 0.650036 3.216669 0.000035 0.0093
64 1081.7613 0.0058392674 -0.0121 -0.0086 -0.0001 0.037728 1.243226 1.276690 0.000716 0.1528
65 1082.5194 0.0001344270 -0.0020 -0.0009 0.0003 0.005722 0.862102 3.102307 0.000113 0.0232
66 1082.7653 0.0005431154 0.0038 0.0025 0.0000 0.011501 1.090025 3.034417 0.000226 0.0451
67 1085.9940 0.0000358737 0.0008 -0.0007 -0.0003 0.002951 1.508910 3.128131 0.000031 0.0040
68 1088.3379 0.0000571045 -0.0010 -0.0011 -0.0002 0.003720 1.514285 3.103026 0.000086 0.0169
69 1090.7673 0.0003884224 0.0022 -0.0031 -0.0001 0.009690 0.869865 3.137317 0.000038 0.0054
70 1091.0574 0.0133668695 0.0127 -0.0184 -0.0013 0.056839 0.903404 0.911885 0.000196 0.0249
71 1092.2349 0.0000196994 0.0002 -0.0008 0.0001 0.002181 1.453293 3.114965 0.000024 0.0038
72 1092.7356 0.0000325768 0.0003 -0.0010 0.0002 0.002804 1.444002 3.131574 0.000027 0.0031
73 1106.0198 0.0068310298 0.0004 0.0013 -0.0158 0.040357 0.702731 0.713858 0.000006 0.0078
74 1111.4513 0.0000086225 0.0003 0.0000 0.0005 0.001430 0.873991 4.310778 0.000008 0.0021
75 1113.5940 0.0001194075 0.0016 0.0013 -0.0003 0.005317 0.797860 3.124582 0.000010 0.0073
76 1114.0501 0.0000006220 -0.0000 -0.0001 0.0001 0.000384 0.775671 4.419572 0.000001 0.0002
77 1114.8020 0.0001976689 0.0025 0.0011 -0.0001 0.006838 1.924725 3.181131 0.000018 0.0125
78 1115.0272 0.0000185288 0.0003 0.0005 -0.0005 0.002093 1.395726 3.226122 0.000009 0.0034
79 1115.4231 0.0007858515 0.0050 0.0020 -0.0001 0.013630 2.148989 3.035361 0.000021 0.0178
80 1115.9254 0.0000394707 0.0005 0.0007 -0.0008 0.003054 2.363248 3.175377 0.000007 0.0048
81 1116.1668 0.0000166317 -0.0006 -0.0001 -0.0004 0.001982 2.440371 3.212803 0.000010 0.0028
82 1118.4054 0.0000084478 0.0005 0.0002 0.0002 0.001411 1.638778 3.157761 0.000009 0.0020
