$runtype
which=0
/

$params
Elo=1000d0
Ehi=1200d0
dE=0.01d0
Broadtype=1
FWHM=3.0d0
/

PEAKS
1019.4151 0.0022865464
1019.8724 0.0006791028
1020.8810 0.0005818805
1021.8914 0.0008488316
1022.0629 0.0000868201
1022.1640 0.0001964514
1022.3819 0.0000695157
1022.4921 0.0003881118
1022.7186 0.0004435255
1023.2441 0.0001920478
1023.8722 0.0002724735
1024.7706 0.0001731605
1024.9637 0.0005327361
1025.2944 0.0011769590
1026.2745 0.0017997293
1026.3514 0.0022607095
1026.6130 0.0001828549
1026.8672 0.0000434644
1027.7867 0.0054723983
1029.0614 0.0000215559
1029.4865 0.0000526280
1029.6540 0.0013262225
1030.2913 0.0003806203
1030.5949 0.0009580872
1031.1597 0.0001642915
1031.5585 0.0005120991
1031.7297 0.0005075933
1034.2802 0.0000647770
1034.5078 0.0000366155
1034.6591 0.0000058854
1034.7921 0.0001870248
1035.1362 0.0000811817
1036.1761 0.0001753362
1037.4742 0.0000148531
1037.8981 0.0000234357
1038.4090 0.0005501218
1038.7473 0.0000195076
1040.5230 0.0020016703
1042.0398 0.0003941757
1042.3300 0.0000157066
1044.0278 0.0000090118
1044.4893 0.0001889119
1044.6073 0.0000085117
1044.7480 0.0001852506
1045.0426 0.0001040611
1045.3130 0.0000517736
1045.6716 0.0004351661
1046.1514 0.0000294326
1046.3582 0.0001194086
1046.7101 0.0004533044
1047.2134 0.0000791647
1047.3832 0.0000590254
1047.7875 0.0003056999
1048.2675 0.0000921201
1048.6156 0.0000093242
1048.8547 0.0002171288
1049.0755 0.0003427911
1049.2867 0.0000492125
1050.0060 0.0000026607
1050.1784 0.0000279084
1050.2203 0.0000546200
1050.6632 0.0001080167
1051.5776 0.0000111863
1052.0958 0.0003593622
1052.2393 0.0012510592
1052.8966 0.0002728264
1053.1000 0.0005983348
1053.8239 0.0002137481
1054.0987 0.0001904805
1054.3065 0.0000066544
1054.4804 0.0000316129
1054.8169 0.0000855260
1055.2118 0.0003296616
1056.7388 0.0000473367
1056.7773 0.0000501630
1058.4004 0.0000080061
1058.5530 0.0000177914
1058.7916 0.0000236040
1058.8759 0.0000436595
1060.4280 0.0000833195
1061.1487 0.0000371908
1061.9431 0.0000024572
1066.5750 0.0000088188
1069.0336 0.0000016442
1079.5481 0.0000541293
1080.6843 0.0018715955
1081.6161 0.0039944597
1081.7835 0.0011255849
1082.2698 0.0005093732
1082.5737 0.0001738818
1082.8384 0.0017996043
1084.0149 0.0004046921
1084.3645 0.0036341339
1084.7906 0.0037865299
1086.0599 0.0002381368
1086.5486 0.0000028840
1087.0579 0.0000222106
1088.0895 0.0000167923
1093.4144 0.0000007643
1101.9960 0.0000034208
1114.1987 0.0017886926
1114.9790 0.0000025701
1115.8965 0.0000817780
1116.2484 0.0006905081
1116.5160 0.0001211953
1116.7571 0.0002740443
1117.2535 0.0000328803
1117.4898 0.0001128339
1117.7929 0.0000304233
1118.2156 0.0001812602
1118.4749 0.0001580109
1118.5218 0.0000081703
