State  Frequency(eV)  OscillatorStrength  TransitionMoment_x  y  z  Trans.Dipole.Mom.(D) e-size(A)  RMS_e-h(A)  QTa  LOCa
1 1019.4151 0.0022865464 0.0081 0.0033 -0.0038 0.024320 1.446118 1.468933 0.000606 0.0460
2 1019.8724 0.0006791028 0.0031 0.0027 0.0032 0.013251 1.827014 1.913068 0.000208 0.0188
3 1020.8810 0.0005818805 0.0040 -0.0008 -0.0025 0.012260 2.115727 2.239765 0.000069 0.0196
4 1021.8914 0.0008488316 -0.0033 -0.0047 -0.0011 0.014800 2.444132 2.907784 0.000086 0.0084
5 1022.0629 0.0000868201 0.0008 0.0017 0.0000 0.004733 2.387153 3.320643 0.000050 0.0090
6 1022.1640 0.0001964514 0.0012 0.0022 0.0013 0.007119 2.810366 3.189148 0.000073 0.0103
7 1022.3819 0.0000695157 0.0015 -0.0007 -0.0002 0.004234 2.434780 3.554498 0.000028 0.0058
8 1022.4921 0.0003881118 0.0039 0.0005 -0.0000 0.010005 2.116629 3.777969 0.000013 0.0119
9 1022.7186 0.0004435255 0.0009 0.0039 -0.0012 0.010694 1.856754 3.082679 0.000059 0.0107
10 1023.2441 0.0001920478 -0.0005 -0.0025 -0.0011 0.007035 1.834229 3.310527 0.000049 0.0049
11 1023.8722 0.0002724735 -0.0027 0.0012 0.0015 0.008377 1.652412 2.938245 0.000062 0.0072
12 1024.7706 0.0001731605 0.0013 0.0023 0.0004 0.006675 2.065985 3.085962 0.000125 0.0125
13 1024.9637 0.0005327361 -0.0039 -0.0016 -0.0018 0.011707 2.884623 3.083985 0.000116 0.0140
14 1025.2944 0.0011769590 0.0066 0.0010 0.0016 0.017398 2.688220 2.792009 0.000121 0.0137
15 1026.2745 0.0017997293 -0.0004 -0.0076 -0.0036 0.021504 2.067360 2.813861 0.000104 0.0113
16 1026.3514 0.0022607095 -0.0017 -0.0078 -0.0052 0.024101 2.488340 2.627743 0.000115 0.0131
17 1026.6130 0.0001828549 -0.0012 0.0018 0.0016 0.006853 1.568347 3.576239 0.000039 0.0066
18 1026.8672 0.0000434644 0.0005 -0.0011 0.0004 0.003341 1.308530 3.036438 0.000017 0.0038
19 1027.7867 0.0054723983 -0.0072 -0.0128 -0.0008 0.037471 1.821232 1.846494 0.000305 0.0260
20 1029.0614 0.0000215559 0.0008 -0.0003 0.0002 0.002350 1.236587 1.266286 0.000154 0.0313
21 1029.4865 0.0000526280 -0.0012 -0.0008 -0.0003 0.003672 1.677592 3.367029 0.000071 0.0060
22 1029.6540 0.0013262225 -0.0004 0.0067 0.0026 0.018430 1.573247 2.951391 0.000041 0.0188
23 1030.2913 0.0003806203 0.0034 -0.0002 -0.0019 0.009870 2.188585 3.249747 0.000258 0.0356
24 1030.5949 0.0009580872 -0.0055 -0.0019 0.0019 0.015657 2.329705 2.575182 0.000432 0.0634
25 1031.1597 0.0001642915 0.0016 0.0015 -0.0013 0.006482 1.687806 2.755630 0.000098 0.0091
26 1031.5585 0.0005120991 0.0044 0.0009 0.0002 0.011442 2.062667 3.048095 0.000043 0.0077
27 1031.7297 0.0005075933 -0.0039 -0.0021 0.0005 0.011390 2.338779 2.934773 0.000294 0.0408
28 1034.2802 0.0000647770 -0.0015 0.0005 0.0004 0.004064 2.019460 3.017201 0.000155 0.0304
29 1034.5078 0.0000366155 0.0011 0.0005 0.0002 0.003055 2.181594 3.047431 0.000091 0.0174
30 1034.6591 0.0000058854 -0.0001 -0.0004 -0.0002 0.001225 1.635425 3.804608 0.000034 0.0058
31 1034.7921 0.0001870248 -0.0006 0.0022 0.0015 0.006904 2.259606 3.835286 0.000096 0.0074
32 1035.1362 0.0000811817 0.0003 0.0015 -0.0009 0.004548 1.842288 2.702187 0.000046 0.0101
33 1036.1761 0.0001753362 0.0020 -0.0007 -0.0016 0.006680 1.690649 3.237587 0.000101 0.0327
34 1037.4742 0.0000148531 0.0001 0.0007 0.0004 0.001943 0.934728 3.427579 0.000019 0.0031
35 1037.8981 0.0000234357 -0.0009 0.0001 0.0001 0.002440 1.337444 3.432904 0.000027 0.0078
36 1038.4090 0.0005501218 -0.0008 -0.0044 -0.0013 0.011819 1.733380 3.129644 0.000090 0.0147
37 1038.7473 0.0000195076 0.0003 -0.0005 -0.0007 0.002225 1.292806 3.760433 0.000008 0.0047
38 1040.5230 0.0020016703 0.0008 0.0068 0.0057 0.022523 1.609308 1.679341 0.000110 0.0238
39 1042.0398 0.0003941757 0.0009 -0.0024 -0.0029 0.009987 1.772604 2.458579 0.000116 0.0133
40 1042.3300 0.0000157066 0.0000 0.0004 0.0007 0.001993 1.337234 4.103974 0.000039 0.0054
41 1044.0278 0.0000090118 -0.0003 -0.0001 0.0005 0.001509 1.260583 3.147783 0.000029 0.0076
42 1044.4893 0.0001889119 -0.0007 -0.0015 -0.0021 0.006906 2.099429 2.837550 0.000018 0.0054
43 1044.6073 0.0000085117 -0.0003 -0.0003 -0.0004 0.001466 2.440324 2.796427 0.000032 0.0051
44 1044.7480 0.0001852506 -0.0009 0.0001 -0.0025 0.006838 2.488625 3.051071 0.000020 0.0049
45 1045.0426 0.0001040611 -0.0019 -0.0006 -0.0000 0.005124 2.069004 2.187709 0.000021 0.0084
46 1045.3130 0.0000517736 -0.0000 -0.0007 0.0012 0.003614 1.425853 3.662598 0.000019 0.0037
47 1045.6716 0.0004351661 0.0018 -0.0010 0.0036 0.010476 2.003393 2.481479 0.000028 0.0053
48 1046.1514 0.0000294326 -0.0001 -0.0001 0.0011 0.002724 2.027987 3.727705 0.000039 0.0139
49 1046.3582 0.0001194086 0.0004 -0.0003 0.0021 0.005486 1.821083 2.924391 0.000023 0.0046
50 1046.7101 0.0004533044 0.0019 -0.0010 0.0036 0.010686 2.207977 2.280850 0.000013 0.0055
51 1047.2134 0.0000791647 -0.0012 -0.0011 -0.0006 0.004465 1.551872 3.299581 0.000041 0.0059
52 1047.3832 0.0000590254 0.0001 -0.0007 0.0013 0.003855 1.064054 2.715091 0.000015 0.0043
53 1047.7875 0.0003056999 0.0020 -0.0021 -0.0019 0.008771 1.808122 1.866465 0.000137 0.0308
54 1048.2675 0.0000921201 0.0018 -0.0006 -0.0000 0.004814 2.395119 3.242477 0.000052 0.0119
55 1048.6156 0.0000093242 -0.0002 0.0001 -0.0006 0.001531 2.189052 3.506329 0.000027 0.0068
56 1048.8547 0.0002171288 0.0004 0.0010 0.0027 0.007388 2.445035 3.253084 0.000062 0.0061
57 1049.0755 0.0003427911 0.0002 -0.0020 -0.0030 0.009282 2.293768 2.973856 0.000074 0.0102
58 1049.2867 0.0000492125 0.0001 0.0003 0.0013 0.003517 1.746380 3.762301 0.000031 0.0090
59 1050.0060 0.0000026607 -0.0003 0.0000 0.0000 0.000817 1.390360 3.970508 0.000026 0.0083
60 1050.1784 0.0000279084 0.0009 0.0005 0.0002 0.002647 2.953379 3.547091 0.000041 0.0151
61 1050.2203 0.0000546200 0.0001 -0.0008 0.0012 0.003703 2.890815 3.498927 0.000020 0.0071
62 1050.6632 0.0001080167 -0.0017 -0.0010 -0.0006 0.005207 1.425028 3.252247 0.000073 0.0167
63 1051.5776 0.0000111863 0.0001 -0.0004 0.0005 0.001675 0.948527 3.439757 0.000018 0.0014
64 1052.0958 0.0003593622 -0.0015 0.0015 -0.0031 0.009491 1.963411 3.161400 0.000032 0.0050
65 1052.2393 0.0012510592 -0.0026 0.0031 -0.0057 0.017707 2.432727 2.496369 0.000072 0.0077
66 1052.8966 0.0002728264 0.0003 -0.0031 0.0010 0.008266 2.370747 2.999772 0.000098 0.0175
67 1053.1000 0.0005983348 0.0018 -0.0031 0.0032 0.012240 2.120645 2.810896 0.000091 0.0169
68 1053.8239 0.0002137481 0.0005 0.0027 0.0008 0.007313 2.404161 2.783840 0.000165 0.0240
69 1054.0987 0.0001904805 -0.0020 -0.0017 0.0008 0.006903 1.843729 2.792919 0.000083 0.0106
70 1054.3065 0.0000066544 0.0003 -0.0001 -0.0004 0.001290 2.460083 3.476802 0.000041 0.0067
71 1054.4804 0.0000316129 -0.0007 -0.0008 0.0001 0.002812 2.471998 3.565670 0.000033 0.0044
72 1054.8169 0.0000855260 0.0004 -0.0017 0.0004 0.004624 2.654681 3.191951 0.000080 0.0106
73 1055.2118 0.0003296616 0.0006 0.0012 0.0033 0.009076 2.491679 2.845006 0.000052 0.0108
74 1056.7388 0.0000473367 0.0013 -0.0004 0.0000 0.003437 2.626618 3.347408 0.000042 0.0048
75 1056.7773 0.0000501630 0.0005 -0.0012 0.0005 0.003538 2.903508 3.190087 0.000061 0.0068
76 1058.4004 0.0000080061 -0.0004 -0.0004 -0.0002 0.001412 2.048228 3.452589 0.000072 0.0057
77 1058.5530 0.0000177914 -0.0007 0.0004 -0.0002 0.002105 2.080551 3.900054 0.000053 0.0052
78 1058.7916 0.0000236040 0.0008 0.0005 0.0002 0.002425 2.881685 3.434758 0.000075 0.0125
79 1058.8759 0.0000436595 -0.0010 -0.0005 -0.0007 0.003297 3.089289 3.607966 0.000119 0.0088
80 1060.4280 0.0000833195 -0.0016 -0.0008 -0.0003 0.004552 2.103227 3.075198 0.000247 0.0250
81 1061.1487 0.0000371908 0.0009 0.0005 -0.0006 0.003040 1.697463 2.646935 0.000250 0.0275
82 1061.9431 0.0000024572 -0.0003 -0.0000 -0.0002 0.000781 0.730241 3.427210 0.000005 0.0012
83 1066.5750 0.0000088188 -0.0001 0.0006 0.0001 0.001477 0.665465 4.044042 0.000012 0.0028
84 1069.0336 0.0000016442 -0.0001 -0.0002 0.0002 0.000637 0.972675 3.976331 0.000029 0.0085
85 1079.5481 0.0000541293 -0.0009 0.0000 -0.0011 0.003636 0.703633 2.973352 0.000015 0.0048
86 1080.6843 0.0018715955 -0.0034 0.0067 0.0038 0.021370 1.487847 2.679436 0.000261 0.0635
87 1081.6161 0.0039944597 -0.0034 0.0106 0.0053 0.031207 2.255469 2.341275 0.000375 0.0965
88 1081.7835 0.0011255849 -0.0016 0.0057 0.0028 0.016564 2.186837 3.366331 0.000192 0.0442
89 1082.2698 0.0005093732 0.0037 0.0021 -0.0011 0.011140 2.242665 2.724211 0.000237 0.0484
90 1082.5737 0.0001738818 0.0007 0.0023 0.0010 0.006508 2.369089 3.204575 0.000030 0.0083
91 1082.8384 0.0017996043 0.0007 0.0078 0.0026 0.020934 2.298987 2.947913 0.000076 0.0129
92 1084.0149 0.0004046921 0.0029 0.0025 -0.0005 0.009922 1.709427 3.157528 0.000192 0.0440
93 1084.3645 0.0036341339 -0.0066 -0.0096 -0.0005 0.029728 1.908519 2.716222 0.000288 0.0624
94 1084.7906 0.0037865299 0.0066 0.0100 0.0004 0.030339 1.909970 2.555480 0.000322 0.0686
95 1086.0599 0.0002381368 -0.0022 -0.0019 0.0007 0.007604 0.857249 2.678816 0.000099 0.0243
96 1086.5486 0.0000028840 -0.0002 0.0002 0.0002 0.000837 0.877455 3.752689 0.000026 0.0054
97 1087.0579 0.0000222106 0.0003 0.0008 0.0000 0.002321 1.173988 3.172336 0.000026 0.0026
98 1088.0895 0.0000167923 0.0004 0.0007 0.0002 0.002017 0.898669 4.119597 0.000015 0.0025
99 1093.4144 0.0000007643 -0.0001 0.0001 0.0000 0.000429 0.625455 3.435401 0.000012 0.0013
100 1101.9960 0.0000034208 -0.0004 -0.0000 0.0001 0.000905 0.838464 4.029339 0.000013 0.0014
101 1114.1987 0.0017886926 0.0075 -0.0008 -0.0030 0.020575 1.717963 2.808352 0.000028 0.0151
102 1114.9790 0.0000025701 0.0001 0.0002 0.0002 0.000780 0.764249 4.136078 0.000007 0.0017
103 1115.8965 0.0000817780 -0.0017 -0.0003 0.0002 0.004396 1.404077 3.439634 0.000005 0.0049
104 1116.2484 0.0006905081 0.0047 0.0002 -0.0018 0.012772 2.825520 3.201603 0.000006 0.0109
105 1116.5160 0.0001211953 0.0019 -0.0006 0.0007 0.005350 1.994181 2.826225 0.000008 0.0053
106 1116.7571 0.0002740443 0.0024 0.0002 -0.0020 0.008044 2.666145 3.312417 0.000011 0.0086
107 1117.2535 0.0000328803 0.0006 0.0004 0.0008 0.002786 2.562877 3.345847 0.000020 0.0059
108 1117.4898 0.0001128339 -0.0006 0.0008 -0.0018 0.005160 2.714814 3.061797 0.000012 0.0050
109 1117.7929 0.0000304233 0.0007 0.0007 -0.0002 0.002679 2.359892 3.511806 0.000008 0.0048
110 1118.2156 0.0001812602 0.0017 -0.0002 -0.0019 0.006538 2.910599 3.516389 0.000011 0.0053
111 1118.4749 0.0001580109 -0.0023 -0.0004 0.0004 0.006104 2.999673 3.143940 0.000011 0.0085
112 1118.5218 0.0000081703 -0.0000 -0.0002 0.0005 0.001388 1.776904 3.365777 0.000006 0.0034
