$runtype
which=0
/

$params
Elo=500d0
Ehi=615d0
dE=0.01d0
Broadtype=1
FWHM=1.0d0
/

PEAKS
518.3926 0.0020315277
519.2294 0.0014251152
520.1325 0.0025824494
520.2889 0.0008658272
520.7577 0.0020670691
520.9339 0.0014473444
521.0696 0.0001086194
521.4244 0.0043212973
521.7452 0.0011426745
521.9665 0.0027434206
522.4897 0.0006683027
522.5489 0.0039389047
523.1216 0.0077693325
523.1872 0.0104839317
523.6778 0.0037083413
524.0059 0.0085782697
524.3225 0.0049322226
524.6288 0.0010353120
524.8372 0.0032733551
525.3718 0.0062090580
525.4124 0.0009722200
525.4475 0.0011924556
525.5512 0.0020632420
525.7083 0.0005334373
525.9392 0.0019968429
526.0764 0.0011653729
526.3283 0.0030538264
526.4032 0.0017453928
526.6111 0.0017063733
526.7301 0.0005462008
526.9584 0.0006298238
527.0878 0.0007674539
527.1039 0.0016156112
527.3281 0.0012252865
527.3821 0.0003249144
527.4374 0.0015711314
527.6970 0.0014588534
527.8454 0.0009725967
527.9772 0.0006560403
528.0580 0.0003707987
528.0965 0.0016203107
528.2332 0.0005524731
528.4113 0.0002417645
528.7763 0.0015932216
528.9644 0.0007091983
528.9881 0.0016894877
529.2246 0.0004094396
529.4129 0.0009938405
529.7606 0.0019330252
529.8177 0.0002057975
530.0574 0.0007594137
530.2982 0.0013924044
530.4469 0.0002385774
530.5462 0.0007937858
530.8083 0.0045031590
530.9255 0.0004281206
531.2508 0.0010745843
531.5174 0.0004137930
531.5734 0.0008753484
531.7618 0.0008745003
532.0229 0.0009410417
532.3843 0.0010891156
532.6531 0.0012901898
532.9498 0.0016663602
533.2322 0.0002816400
533.5351 0.0036122864
534.0475 0.0008608556
534.1461 0.0011186669
534.6820 0.0008859970
534.8367 0.0011257789
534.9749 0.0004495092
535.2917 0.0004094430
535.5951 0.0009252736
535.8216 0.0009873431
535.9316 0.0007828422
536.0646 0.0025237578
536.4492 0.0002251254
536.6431 0.0000307841
536.9889 0.0002302837
537.3447 0.0001711999
537.4005 0.0007690254
537.7070 0.0001935910
537.8708 0.0012884791
538.2999 0.0008972189
538.4151 0.0020466855
538.7060 0.0006534414
538.7774 0.0010649216
538.9535 0.0021866639
539.0950 0.0010151928
539.1765 0.0006710109
539.5679 0.0010417341
539.8947 0.0011174466
540.1866 0.0004134937
540.2375 0.0000784173
540.4302 0.0003000695
540.5477 0.0007143576
540.7655 0.0010407058
540.8204 0.0005102733
540.9955 0.0004717738
541.0709 0.0000158186
541.4607 0.0003851010
541.5489 0.0031701955
541.6397 0.0019159337
541.8019 0.0020118451
541.8947 0.0004467926
542.0573 0.0000109678
542.2655 0.0007421176
542.6159 0.0005851046
542.7209 0.0016492272
542.8506 0.0001439744
543.0563 0.0013519902
543.2729 0.0003651471
543.4592 0.0006986579
543.5826 0.0014586621
543.8964 0.0020781681
544.0688 0.0003147882
544.4894 0.0003842257
544.6767 0.0019367826
545.0809 0.0009605499
545.5614 0.0000823591
545.6435 0.0007248285
545.8629 0.0017481802
546.2225 0.0005478595
546.4631 0.0005313049
546.8418 0.0007827827
547.1603 0.0029411780
547.4024 0.0008596593
547.7620 0.0004252202
547.9637 0.0011266667
548.0676 0.0000203840
548.3557 0.0003455684
548.5109 0.0000110690
548.7051 0.0010146115
548.9295 0.0001654776
549.0941 0.0004553483
549.3423 0.0020650084
549.4944 0.0047031607
549.6458 0.0003357024
550.0710 0.0030061018
550.1600 0.0011796026
550.2565 0.0007006398
550.5024 0.0012617201
550.5593 0.0035570530
550.6745 0.0021346262
550.8965 0.0014976858
551.2673 0.0002218238
551.3603 0.0030924184
551.5690 0.0002677511
551.7930 0.0025744428
551.8927 0.0009643124
