$runtype
which=0
/

$params
Elo=500d0
Ehi=615d0
dE=0.01d0
Broadtype=1
FWHM=1.0d0
/

PEAKS
518.0807 0.0019920317
518.9627 0.0012816711
519.2047 0.0005416516
519.8272 0.0013801861
520.3655 0.0056083942
520.5040 0.0003523832
520.6052 0.0039785819
520.9322 0.0003873559
520.9455 0.0021182570
521.1813 0.0006599864
521.7680 0.0021585263
521.9856 0.0021314211
522.3465 0.0038750198
522.8575 0.0021054264
522.9975 0.0059517499
523.1928 0.0037783571
523.4935 0.0033722838
523.8780 0.0049641629
524.1779 0.0006062567
524.3836 0.0013294531
524.6882 0.0007017559
524.8265 0.0033664689
524.8415 0.0058266711
525.2184 0.0025581563
525.3092 0.0000976480
525.3450 0.0019900301
525.5714 0.0053850929
525.6311 0.0020332774
525.8244 0.0004865912
525.8749 0.0002690443
525.9682 0.0000886880
526.1634 0.0026704798
526.1925 0.0002354324
526.4189 0.0014318434
526.5285 0.0031712893
526.7583 0.0012035762
526.9225 0.0006662162
526.9525 0.0004975222
527.0505 0.0033143412
527.2508 0.0012659651
527.3132 0.0016988540
527.4663 0.0034656260
527.5867 0.0003131344
527.8325 0.0036119880
527.9378 0.0027909679
528.0095 0.0011409343
528.2047 0.0021511766
528.2433 0.0001602891
528.5121 0.0002861778
528.7077 0.0013013303
528.8811 0.0007497795
528.9903 0.0001393806
529.1130 0.0017327458
529.2566 0.0010151053
529.3491 0.0001194031
529.6360 0.0000622611
529.7065 0.0002638423
529.9965 0.0013605177
530.0988 0.0003968627
530.3038 0.0008818412
530.4082 0.0007096211
530.6201 0.0002638650
530.7918 0.0006136897
530.9920 0.0009430779
531.2886 0.0031047054
531.7058 0.0014602697
531.8292 0.0010680717
531.8426 0.0002851734
532.0469 0.0004639251
532.4372 0.0010520731
532.5287 0.0012628921
532.6147 0.0007017399
532.8714 0.0004834335
533.0907 0.0015625181
533.1962 0.0006724442
533.3665 0.0007742766
533.7860 0.0003654223
534.0751 0.0011198673
534.1816 0.0000069145
534.3718 0.0027033853
534.7674 0.0002129945
535.2103 0.0006902544
535.3785 0.0000767691
535.6412 0.0003467308
535.8225 0.0060362232
536.1441 0.0000399595
536.3648 0.0008127753
536.6084 0.0002056416
536.7157 0.0005926679
536.8065 0.0000367912
537.0443 0.0012462305
537.2237 0.0006865702
537.5566 0.0009359906
537.5922 0.0006077505
537.8244 0.0009448474
538.1379 0.0002504907
538.2731 0.0011374432
538.3688 0.0013175960
538.6002 0.0003077859
538.8541 0.0013909943
538.9855 0.0002032962
539.0279 0.0002416838
539.1677 0.0018898520
539.4650 0.0008791180
539.5985 0.0003330491
539.8635 0.0001820411
539.9999 0.0002894013
540.1293 0.0005329143
540.3169 0.0002484795
540.6143 0.0004772084
540.6553 0.0005744400
540.7912 0.0006399181
540.9267 0.0005130911
541.1569 0.0017661477
541.3110 0.0002766457
541.3855 0.0006963148
541.6018 0.0009155038
541.6078 0.0004620398
542.0262 0.0003183637
542.0511 0.0013652484
542.2180 0.0002123919
542.2907 0.0004604951
542.6127 0.0001205048
542.7202 0.0007110610
542.8967 0.0001802765
542.9940 0.0005873237
543.1405 0.0007260383
543.3336 0.0003620072
543.6807 0.0008162539
543.8005 0.0010831337
543.9823 0.0003113622
544.4836 0.0002512071
544.7745 0.0001391860
544.9375 0.0018350508
545.0556 0.0016856243
545.1728 0.0013296007
545.3967 0.0005500068
545.5630 0.0006916871
545.7813 0.0000808066
546.2731 0.0010902329
546.5040 0.0012685213
546.7367 0.0012911468
546.9112 0.0034324790
547.1243 0.0010074768
547.2506 0.0004561481
547.4456 0.0022865732
547.4896 0.0001977497
547.9031 0.0005029910
548.0817 0.0005436188
548.1925 0.0010485663
