$runtype
which=0
/

$params
Elo=1000d0
Ehi=1200d0
dE=0.01d0
Broadtype=1
FWHM=3.0d0
/

PEAKS
1016.4154 0.0076085248
1018.1624 0.0024644336
1019.1341 0.0004196032
1019.4057 0.0000369411
1019.4829 0.0022007656
1019.7077 0.0002360614
1019.9907 0.0045155018
1020.4940 0.0000334258
1020.9200 0.0000730273
1021.0990 0.0003885546
1021.2217 0.0009419784
1021.4672 0.0002424478
1021.6577 0.0002808717
1022.5872 0.0000215792
1023.0154 0.0000288446
1023.3053 0.0000077306
1024.0914 0.0001507344
1024.4077 0.0000252913
1024.9916 0.0002181247
1025.1335 0.0000823257
1025.2239 0.0036146587
1025.3275 0.0020596822
1025.6866 0.0004138116
1026.1677 0.0004989590
1026.2819 0.0001470774
1026.4447 0.0000021325
1026.8966 0.0000638586
1027.0714 0.0000796538
1027.9293 0.0000272366
1028.4167 0.0000015597
1029.0773 0.0000729011
1029.1962 0.0000360004
1029.7108 0.0008916879
1029.9852 0.0000496214
1030.4660 0.0000095271
1031.0657 0.0000038870
1031.3149 0.0006326941
1031.8337 0.0001513629
1032.3981 0.0000592351
1032.5356 0.0000733928
1032.8949 0.0002143116
1033.1071 0.0004675098
1033.9399 0.0000410691
1034.3074 0.0000017713
1034.5448 0.0000074882
1035.1005 0.0000076938
1035.4073 0.0000135266
1035.6019 0.0001254070
1036.5195 0.0000951690
1036.7218 0.0000072770
1037.8018 0.0002185665
1038.0097 0.0000130803
1039.3400 0.0001015201
1039.8829 0.0000134787
1039.9527 0.0000086774
1041.2058 0.0000855346
1041.4921 0.0000372829
1041.9987 0.0000714795
1043.3149 0.0004607290
1044.3326 0.0000596658
1044.9008 0.0000068902
1045.1901 0.0000074515
1045.6988 0.0011107593
1046.0017 0.0000038516
1046.3408 0.0000186498
1046.7110 0.0000080601
1047.0978 0.0000123397
1047.7897 0.0000367200
1048.0760 0.0000157041
1048.4140 0.0000177921
1048.8360 0.0000571770
1049.0830 0.0001547936
1049.7433 0.0000187971
1050.0492 0.0006833141
1050.3290 0.0019557405
1050.6528 0.0001707567
1051.2528 0.0001453210
1051.3451 0.0001234797
1051.4587 0.0000319651
1051.6108 0.0001054313
1051.7339 0.0010121577
1052.0744 0.0000234619
1052.6799 0.0000096410
1053.0703 0.0005948416
1053.3056 0.0000033580
1053.3340 0.0000242771
1054.0369 0.0000076175
1054.4831 0.0000124198
1054.9855 0.0000130823
1055.4068 0.0002065521
1056.8562 0.0003226185
1057.9242 0.0000045856
1058.0575 0.0000009968
1058.1476 0.0000055612
1058.6503 0.0000768257
1059.2059 0.0000164760
1059.2703 0.0000073628
1060.0448 0.0000458280
1061.6233 0.0000019228
1062.6751 0.0000004728
1066.9652 0.0003381907
1070.0648 0.0009668101
1074.1139 0.0000150842
1075.8893 0.0000379845
1079.4709 0.0010078287
1080.0386 0.0076223033
1081.6993 0.0000061672
1081.9206 0.0064511649
1082.5964 0.0000177215
1083.1637 0.0000289602
1083.3024 0.0001013348
1083.7848 0.0000004582
1084.2289 0.0008934800
1085.4772 0.0000131897
1089.0960 0.0000006859
1089.8145 0.0000147337
1090.0263 0.0000001891
1090.5191 0.0000413044
1091.0854 0.0000013826
1093.0102 0.0000135454
1113.1477 0.0000073149
1113.5469 0.0001555277
1114.6952 0.0000022417
1115.7230 0.0000030593
1116.0047 0.0000124582
1116.6499 0.0000642905
1116.8866 0.0000016819
1117.2500 0.0004326962
1117.5712 0.0001144255
1118.1053 0.0000658908
