$runtype
which=0
/

$params
Elo=500d0
Ehi=615d0
dE=0.01d0
Broadtype=1
FWHM=1.0d0
/

PEAKS
518.1571 0.0017785248
519.3953 0.0009067878
519.7390 0.0024164566
520.0474 0.0016559614
520.4545 0.0009794683
520.7334 0.0000311660
521.0906 0.0027019205
521.5323 0.0007353303
521.9975 0.0065334192
522.1477 0.0036973819
522.2052 0.0032715167
522.6913 0.0095022279
523.0075 0.0065655506
523.1810 0.0017333230
523.6216 0.0011107252
523.7993 0.0002081729
524.2515 0.0003010577
524.4926 0.0051163192
524.5801 0.0115329157
524.8657 0.0049291570
525.0007 0.0010158989
525.2683 0.0003833649
525.5586 0.0020589303
525.6083 0.0005397240
525.7847 0.0024088639
525.8575 0.0013417412
526.0916 0.0039226705
526.1928 0.0016386059
526.3869 0.0017525608
526.4583 0.0016355744
526.6497 0.0028661014
526.7828 0.0013765995
527.0232 0.0013698175
527.0808 0.0010102964
527.2222 0.0000824182
527.2627 0.0008285994
527.5140 0.0007175742
527.6621 0.0006178436
527.8105 0.0007166280
527.9266 0.0006992449
528.0740 0.0011943455
528.3783 0.0019638780
528.4734 0.0001297820
528.5767 0.0011247872
528.7127 0.0008638870
529.0163 0.0010820717
529.2870 0.0008486012
529.4886 0.0010141774
529.6543 0.0003802985
529.8443 0.0004382287
529.9805 0.0000584771
530.2522 0.0013609989
530.2703 0.0030156299
530.5820 0.0020471156
530.7531 0.0003824996
530.8767 0.0004254973
531.3033 0.0002509734
531.6611 0.0002650450
531.8458 0.0005634742
531.9903 0.0020144597
532.0417 0.0002291198
532.4262 0.0000624986
532.7254 0.0017713773
532.9788 0.0022939805
533.1152 0.0006923965
533.3288 0.0027150883
533.3991 0.0010734565
533.6254 0.0020265838
534.0262 0.0013487694
534.0318 0.0006194716
534.6222 0.0005842724
534.6449 0.0001052791
534.9214 0.0007236143
535.4373 0.0002662063
535.5324 0.0008183130
535.6399 0.0004975954
536.1602 0.0011717071
536.1657 0.0013730945
536.4076 0.0022813164
536.6215 0.0006461460
536.8364 0.0001046609
536.8938 0.0006364295
537.4277 0.0001663741
537.6973 0.0002588320
537.7907 0.0006022947
537.9366 0.0013836328
538.2394 0.0006212480
538.3996 0.0018687677
538.6769 0.0018840747
538.8201 0.0009050434
539.0577 0.0003627079
539.1802 0.0000556573
539.4141 0.0010202210
539.5542 0.0005996783
539.7760 0.0001369973
540.0269 0.0002963160
540.1606 0.0015576786
540.5417 0.0004290768
540.7406 0.0014208256
540.7927 0.0008306998
540.9284 0.0026982985
541.1849 0.0009379108
541.3832 0.0005739439
541.6005 0.0030558687
541.8003 0.0005160930
541.8820 0.0002692718
542.0992 0.0026769426
542.2895 0.0010417716
542.3888 0.0011305161
542.6011 0.0004174383
542.7843 0.0002163000
542.9884 0.0000266907
543.0723 0.0002866196
543.3462 0.0021957099
543.7456 0.0010707792
543.9194 0.0018311395
544.3137 0.0012121437
544.6422 0.0013215190
545.1747 0.0009838089
545.2485 0.0012163910
545.6848 0.0008626897
545.8790 0.0015025810
546.1033 0.0015201150
546.3979 0.0019282665
546.7313 0.0000559023
546.9002 0.0000839042
547.1169 0.0009297527
547.3710 0.0012059473
547.7446 0.0012788986
547.8404 0.0018037880
548.2072 0.0019199517
548.5009 0.0000641466
548.7003 0.0001766226
548.9695 0.0011305705
549.1369 0.0003517567
549.1876 0.0003617792
549.3799 0.0014717052
549.6053 0.0004940737
549.7332 0.0002621035
549.7948 0.0025564563
550.0258 0.0025556171
550.0762 0.0001413120
550.2550 0.0007381179
550.6109 0.0011890646
550.7555 0.0013693523
550.8761 0.0000173474
551.1422 0.0015812239
551.2685 0.0048279869
551.7177 0.0016720148
551.7967 0.0020694176
552.0027 0.0050690612
