State  Frequency(eV)  OscillatorStrength  TransitionMoment_x  y  z  Trans.Dipole.Mom.(D) e-size(A)  RMS_e-h(A)  QTa  LOCa
1 1016.3329 0.0056733201 -0.0134 -0.0061 0.0035 0.038367 1.852196 2.038086 0.000030 0.0314
2 1016.9006 0.0133321005 0.0168 -0.0157 -0.0024 0.058798 1.858892 1.898415 0.000165 0.0505
3 1018.7537 0.0001377784 0.0015 0.0018 0.0000 0.005972 2.742634 2.982793 0.000159 0.0124
4 1019.1772 0.0017390204 -0.0043 0.0071 0.0010 0.021212 2.769544 2.987001 0.000186 0.0243
5 1019.6829 0.0010575253 -0.0056 -0.0028 0.0019 0.016537 2.475866 2.718582 0.000140 0.0172
6 1019.9661 0.0000359482 -0.0007 0.0010 -0.0001 0.003049 1.068517 4.132421 0.000018 0.0024
7 1020.6131 0.0000214544 -0.0002 0.0008 -0.0003 0.002354 1.265330 4.025746 0.000076 0.0082
8 1021.6014 0.0020734284 -0.0065 -0.0060 0.0024 0.023134 2.034227 2.789961 0.000182 0.0175
9 1022.2221 0.0010372293 0.0054 -0.0035 -0.0004 0.016358 1.772135 2.831181 0.000335 0.0372
10 1022.2977 0.0000069745 0.0002 -0.0000 -0.0005 0.001341 2.539129 3.144001 0.000276 0.0280
11 1022.7302 0.0057444615 0.0150 0.0015 -0.0017 0.038486 1.806006 2.325915 0.000560 0.0520
12 1022.9346 0.0014986149 -0.0027 -0.0072 -0.0004 0.019655 1.840926 1.956600 0.000332 0.0603
13 1024.2316 0.0000138082 0.0006 0.0001 -0.0004 0.001885 0.815090 3.022183 0.000045 0.0088
14 1024.8344 0.0008321593 -0.0054 0.0020 -0.0001 0.014633 0.918950 2.977966 0.000140 0.0128
15 1025.3655 0.0092870088 0.0162 -0.0104 -0.0005 0.048871 1.707987 1.813609 0.000509 0.0457
16 1026.0914 0.0007607508 -0.0035 0.0042 0.0003 0.013982 1.274638 2.842452 0.000147 0.0179
17 1026.2421 0.0014329826 -0.0004 -0.0073 0.0019 0.019189 1.963874 2.182833 0.000084 0.0210
18 1027.2421 0.0001312458 -0.0005 0.0020 0.0009 0.005804 1.911770 2.274451 0.000160 0.0363
19 1027.2431 0.0000000000 0.0000 -0.0000 0.0000 0.000000 0.727343 22.490665 0.000000 0.0000
20 1027.5653 0.0001537314 -0.0008 0.0016 0.0017 0.006281 1.460843 2.861217 0.000111 0.0131
21 1028.2923 0.0005213209 0.0039 -0.0010 -0.0021 0.011562 1.860213 2.320633 0.000359 0.0581
22 1028.9334 0.0000521512 -0.0002 -0.0003 0.0014 0.003656 0.970250 3.038014 0.000070 0.0110
23 1029.8071 0.0015556275 -0.0035 -0.0070 0.0002 0.019959 1.495493 2.585142 0.000311 0.0572
24 1030.0811 0.0001439804 -0.0013 0.0020 0.0001 0.006071 1.507372 3.920849 0.000024 0.0071
25 1030.5286 0.0000843714 0.0015 -0.0010 -0.0004 0.004646 1.012313 2.887786 0.000049 0.0081
26 1030.6464 0.0001820799 -0.0020 0.0018 -0.0002 0.006825 1.571372 3.212137 0.000085 0.0169
27 1032.5350 0.0001278457 -0.0007 0.0021 0.0003 0.005714 1.360096 2.967623 0.000023 0.0074
28 1033.4822 0.0002143048 -0.0026 -0.0013 -0.0002 0.007395 1.981284 2.791567 0.000061 0.0360
29 1033.6215 0.0001900216 0.0005 0.0027 0.0004 0.006963 2.126645 2.750493 0.000021 0.0278
30 1035.1245 0.0002579967 0.0011 -0.0030 -0.0003 0.008107 1.274411 2.877333 0.000040 0.0110
31 1035.3495 0.0032377035 -0.0017 -0.0112 0.0001 0.028716 1.355407 1.536791 0.000182 0.0195
32 1035.7222 0.0054991371 0.0034 0.0143 -0.0002 0.037418 1.450378 1.604669 0.000284 0.0249
33 1036.2327 0.0000000000 -0.0000 -0.0000 0.0000 0.000000 0.730635 22.640631 0.000000 0.0000
34 1036.3928 0.0000000000 -0.0000 -0.0000 0.0000 0.000000 0.602142 22.485574 0.000000 0.0000
35 1036.7694 0.0000546339 0.0004 0.0014 -0.0001 0.003728 0.945362 4.220249 0.000028 0.0024
36 1037.2963 0.0000362943 0.0004 0.0011 -0.0002 0.003038 0.764362 4.146626 0.000029 0.0026
37 1040.5212 0.0000081963 0.0000 -0.0005 0.0002 0.001441 0.995955 2.917221 0.000067 0.0091
38 1040.8070 0.0028647478 -0.0060 0.0087 0.0007 0.026941 1.888923 2.033134 0.000068 0.0170
39 1041.9963 0.0004003930 -0.0024 0.0029 0.0013 0.010066 1.362004 2.904366 0.000094 0.0191
40 1043.2301 0.0000285911 -0.0000 -0.0001 0.0011 0.002688 0.765794 2.847899 0.000013 0.0035
41 1044.0453 0.0000488110 -0.0009 -0.0005 0.0009 0.003511 1.480661 2.971498 0.000032 0.0065
42 1044.5691 0.0002576602 -0.0004 0.0031 -0.0002 0.008065 1.774291 3.012837 0.000041 0.0086
43 1044.9238 0.0001231933 0.0009 -0.0020 0.0001 0.005576 2.198924 2.856118 0.000051 0.0061
44 1045.1154 0.0002630713 -0.0028 0.0015 0.0007 0.008147 1.913875 2.866437 0.000030 0.0051
45 1045.3924 0.0015727578 -0.0050 0.0057 -0.0019 0.019918 1.742124 2.627038 0.000033 0.0088
46 1046.1950 0.0001722457 0.0014 -0.0021 0.0005 0.006589 1.206054 2.841337 0.000045 0.0093
47 1046.2136 0.0000000000 -0.0000 -0.0000 0.0000 0.000000 0.578493 22.410946 0.000000 0.0000
48 1046.6489 0.0000508130 -0.0012 0.0007 -0.0002 0.003578 1.902813 3.068541 0.000117 0.0364
49 1047.0623 0.0000231137 0.0007 -0.0007 -0.0001 0.002413 1.922165 3.728091 0.000078 0.0207
50 1047.8142 0.0003913004 -0.0026 0.0029 0.0000 0.009924 2.169075 3.353306 0.000049 0.0091
51 1048.1702 0.0000000000 -0.0000 0.0000 -0.0000 0.000000 0.683430 22.345902 0.000000 0.0000
52 1048.5030 0.0001511032 -0.0009 0.0023 -0.0002 0.006165 1.959569 3.673228 0.000047 0.0070
53 1049.1417 0.0005516341 0.0011 0.0041 -0.0018 0.011775 1.696279 2.752194 0.000092 0.0220
54 1049.8208 0.0000788054 0.0009 0.0002 0.0015 0.004449 1.817330 2.563175 0.000031 0.0062
55 1049.9043 0.0003565226 -0.0030 0.0010 -0.0020 0.009463 2.047336 2.450434 0.000071 0.0095
56 1050.4950 0.0010319314 0.0053 -0.0033 0.0011 0.016095 2.224732 2.473132 0.000076 0.0113
57 1050.6948 0.0003246358 -0.0027 0.0022 -0.0005 0.009026 2.127944 2.567059 0.000038 0.0063
58 1050.7290 0.0000600252 -0.0013 0.0008 0.0001 0.003881 1.337133 4.082181 0.000044 0.0050
59 1050.8076 0.0000433506 -0.0007 0.0007 0.0008 0.003298 1.805959 2.469827 0.000012 0.0057
60 1050.8350 0.0000000000 0.0000 -0.0000 -0.0000 0.000000 0.640343 22.551698 0.000000 0.0000
61 1051.2500 0.0002545273 0.0019 -0.0023 -0.0009 0.007990 1.953540 3.195207 0.000081 0.0081
62 1051.4314 0.0000461384 -0.0013 0.0001 0.0002 0.003402 2.095876 2.683121 0.000025 0.0050
63 1052.3574 0.0010843045 0.0007 -0.0014 -0.0063 0.016483 1.822852 2.508159 0.000048 0.0060
64 1052.5052 0.0000000000 0.0000 -0.0000 0.0000 0.000000 0.646569 22.481731 0.000000 0.0000
65 1053.8713 0.0008503124 -0.0013 0.0008 0.0055 0.014586 2.814602 3.005047 0.000125 0.0160
66 1054.2826 0.0002223732 0.0010 -0.0001 -0.0027 0.007458 3.093323 3.626920 0.000052 0.0077
67 1054.4990 0.0019636901 0.0011 0.0018 0.0085 0.022160 2.029684 2.257247 0.000036 0.0100
68 1054.6455 0.0003178504 -0.0015 -0.0018 0.0026 0.008915 2.103663 2.694431 0.000123 0.0156
69 1055.5024 0.0004333833 -0.0023 -0.0015 -0.0030 0.010405 1.731068 2.181142 0.000193 0.0239
70 1056.2871 0.0004193178 0.0036 0.0017 -0.0002 0.010231 1.620571 2.540655 0.000129 0.0175
71 1056.9528 0.0000000000 0.0000 0.0000 0.0000 0.000000 0.714923 22.629681 0.000000 0.0000
72 1059.5626 0.0000021471 0.0002 -0.0002 0.0001 0.000731 0.602345 4.241078 0.000004 0.0007
73 1060.2804 0.0000000000 -0.0000 0.0000 0.0000 0.000000 0.573124 22.545254 0.000000 0.0000
74 1060.3095 0.0000015238 -0.0000 0.0002 -0.0002 0.000616 0.803351 4.144432 0.000012 0.0027
75 1061.3166 0.0000301793 -0.0000 -0.0003 0.0010 0.002738 0.751932 2.855586 0.000040 0.0034
76 1066.3595 0.0002094941 0.0025 -0.0013 -0.0004 0.007198 1.105620 1.187300 0.000460 0.0584
77 1075.1340 0.0000220123 -0.0001 0.0009 0.0002 0.002324 0.712358 2.910707 0.000023 0.0038
78 1080.0913 0.0005601545 0.0031 -0.0031 -0.0015 0.011694 2.344906 2.978500 0.000122 0.0207
79 1080.6086 0.0001204034 -0.0019 0.0009 -0.0001 0.005420 2.318424 2.951517 0.000052 0.0063
80 1081.1317 0.0003243525 -0.0012 -0.0033 -0.0000 0.008895 1.050423 2.906223 0.000083 0.0141
81 1081.5450 0.0000151577 -0.0004 0.0003 0.0006 0.001922 0.762425 2.962567 0.000067 0.0102
82 1082.3829 0.0000000000 -0.0000 -0.0000 0.0000 0.000000 0.609453 22.474075 0.000000 0.0000
83 1082.8615 0.0000731756 0.0003 -0.0013 -0.0010 0.004221 0.731406 2.973192 0.000076 0.0109
84 1083.5632 0.0012267827 0.0063 -0.0017 -0.0019 0.017279 1.983169 2.366547 0.000463 0.0927
85 1084.1290 0.0006868994 -0.0046 0.0022 0.0003 0.012926 1.891746 2.729051 0.000243 0.0562
86 1085.4501 0.0024889963 0.0084 -0.0045 -0.0018 0.024590 1.631461 2.101287 0.000513 0.0873
87 1085.7474 0.0000319800 0.0002 0.0011 0.0002 0.002787 0.836021 4.149397 0.000058 0.0075
88 1088.2295 0.0133574818 0.0006 0.0224 0.0010 0.056893 0.823091 0.851042 0.000261 0.0441
89 1091.7648 0.0000000000 0.0000 -0.0000 -0.0000 0.000000 0.609984 22.536519 0.000000 0.0000
90 1092.5034 0.0000020056 -0.0002 0.0002 0.0000 0.000696 0.665079 4.200077 0.000006 0.0012
91 1113.3583 0.0000000000 0.0000 0.0000 -0.0000 0.000000 0.518406 22.455540 0.000000 0.0000
92 1113.7557 0.0000320365 0.0011 0.0000 -0.0001 0.002754 0.795267 4.145656 0.000004 0.0036
93 1115.3012 0.0000000000 -0.0000 0.0000 -0.0000 0.000000 0.636406 22.471684 0.000000 0.0000
94 1115.4020 0.0001644453 -0.0003 -0.0008 0.0023 0.006235 1.423262 2.870612 0.000011 0.0071
95 1115.5927 0.0002398145 0.0013 0.0010 -0.0025 0.007529 1.946099 2.872595 0.000025 0.0073
96 1116.0865 0.0001375217 -0.0019 0.0007 0.0010 0.005700 1.523476 2.885927 0.000015 0.0046
97 1116.5437 0.0000382651 0.0011 0.0005 0.0003 0.003006 1.762957 3.095894 0.000010 0.0057
98 1117.3771 0.0000251211 -0.0005 0.0003 0.0008 0.002435 2.092444 3.935228 0.000007 0.0041
