$runtype
which=0
/

$params
Elo=1000d0
Ehi=1200d0
dE=0.01d0
Broadtype=1
FWHM=3.0d0
/

PEAKS
1016.3329 0.0056733201
1016.9006 0.0133321005
1018.7537 0.0001377784
1019.1772 0.0017390204
1019.6829 0.0010575253
1019.9661 0.0000359482
1020.6131 0.0000214544
1021.6014 0.0020734284
1022.2221 0.0010372293
1022.2977 0.0000069745
1022.7302 0.0057444615
1022.9346 0.0014986149
1024.2316 0.0000138082
1024.8344 0.0008321593
1025.3655 0.0092870088
1026.0914 0.0007607508
1026.2421 0.0014329826
1027.2421 0.0001312458
1027.2431 0.0000000000
1027.5653 0.0001537314
1028.2923 0.0005213209
1028.9334 0.0000521512
1029.8071 0.0015556275
1030.0811 0.0001439804
1030.5286 0.0000843714
1030.6464 0.0001820799
1032.5350 0.0001278457
1033.4822 0.0002143048
1033.6215 0.0001900216
1035.1245 0.0002579967
1035.3495 0.0032377035
1035.7222 0.0054991371
1036.2327 0.0000000000
1036.3928 0.0000000000
1036.7694 0.0000546339
1037.2963 0.0000362943
1040.5212 0.0000081963
1040.8070 0.0028647478
1041.9963 0.0004003930
1043.2301 0.0000285911
1044.0453 0.0000488110
1044.5691 0.0002576602
1044.9238 0.0001231933
1045.1154 0.0002630713
1045.3924 0.0015727578
1046.1950 0.0001722457
1046.2136 0.0000000000
1046.6489 0.0000508130
1047.0623 0.0000231137
1047.8142 0.0003913004
1048.1702 0.0000000000
1048.5030 0.0001511032
1049.1417 0.0005516341
1049.8208 0.0000788054
1049.9043 0.0003565226
1050.4950 0.0010319314
1050.6948 0.0003246358
1050.7290 0.0000600252
1050.8076 0.0000433506
1050.8350 0.0000000000
1051.2500 0.0002545273
1051.4314 0.0000461384
1052.3574 0.0010843045
1052.5052 0.0000000000
1053.8713 0.0008503124
1054.2826 0.0002223732
1054.4990 0.0019636901
1054.6455 0.0003178504
1055.5024 0.0004333833
1056.2871 0.0004193178
1056.9528 0.0000000000
1059.5626 0.0000021471
1060.2804 0.0000000000
1060.3095 0.0000015238
1061.3166 0.0000301793
1066.3595 0.0002094941
1075.1340 0.0000220123
1080.0913 0.0005601545
1080.6086 0.0001204034
1081.1317 0.0003243525
1081.5450 0.0000151577
1082.3829 0.0000000000
1082.8615 0.0000731756
1083.5632 0.0012267827
1084.1290 0.0006868994
1085.4501 0.0024889963
1085.7474 0.0000319800
1088.2295 0.0133574818
1091.7648 0.0000000000
1092.5034 0.0000020056
1113.3583 0.0000000000
1113.7557 0.0000320365
1115.3012 0.0000000000
1115.4020 0.0001644453
1115.5927 0.0002398145
1116.0865 0.0001375217
1116.5437 0.0000382651
1117.3771 0.0000251211
