$runtype
which=0
/

$params
Elo=1000d0
Ehi=1200d0
dE=0.01d0
Broadtype=1
FWHM=3.0d0
/

PEAKS
1016.6751 0.0006573025
1017.3489 0.0006270356
1018.3354 0.0040427280
1021.2353 0.0000645996
1022.2004 0.0000082350
1022.3271 0.0000991031
1022.4154 0.0000098238
1022.7556 0.0000312487
1023.0554 0.0000288719
1023.8991 0.0000215150
1024.4339 0.0000928764
1025.0352 0.0001308229
1025.4415 0.0003592997
1025.5202 0.0018520705
1026.4173 0.0017882766
1026.8095 0.0050320942
1027.2874 0.0057535656
1028.1541 0.0000343696
1028.9376 0.0000367995
1029.1588 0.0001029349
1029.2873 0.0000156815
1029.6524 0.0001510387
1029.9557 0.0000267731
1029.9652 0.0000128930
1030.2653 0.0002044707
1030.7218 0.0000329102
1031.2855 0.0000810240
1031.6694 0.0000436572
1032.3614 0.0005576447
1032.5579 0.0000984836
1032.8085 0.0000146409
1033.6365 0.0002521201
1033.8884 0.0000984226
1034.1805 0.0000066847
1034.9077 0.0002517904
1035.7845 0.0000144658
1036.1031 0.0003027571
1037.3136 0.0005995404
1038.5987 0.0004742033
1041.2526 0.0003584590
1041.5224 0.0000313818
1041.7185 0.0000040932
1042.9531 0.0002892766
1043.4055 0.0000572440
1043.9727 0.0000475783
1044.2547 0.0000071666
1044.3287 0.0001037344
1044.4248 0.0001742833
1044.4910 0.0005233287
1045.3970 0.0000226428
1045.5906 0.0002729411
1046.0979 0.0000075478
1046.5122 0.0000103842
1046.7112 0.0000106581
1047.3566 0.0000174217
1047.4983 0.0000227212
1047.7409 0.0000039318
1048.0442 0.0000242428
1048.8458 0.0000000762
1049.4106 0.0000358686
1049.7778 0.0000043089
1049.9895 0.0001356747
1050.2916 0.0001162813
1050.4103 0.0000280777
1050.6448 0.0000412777
1050.8082 0.0000015826
1050.9621 0.0000350118
1051.0882 0.0000157035
1051.8845 0.0016516334
1052.5307 0.0020744680
1052.8558 0.0003137543
1053.2152 0.0001555171
1053.8834 0.0000181782
1054.3828 0.0000213825
1054.5361 0.0004158896
1055.3203 0.0001616592
1056.5363 0.0000398067
1056.5796 0.0000358696
1057.5146 0.0000555878
1058.1231 0.0004155854
1058.3517 0.0003521393
1060.6096 0.0000022249
1061.3737 0.0000270116
1062.3812 0.0000001318
1078.1846 0.0000046612
1079.5866 0.0000456957
1079.6290 0.0000599098
1081.1347 0.0000091361
1081.4838 0.0032762639
1082.6055 0.0011692005
1083.4883 0.0000688951
1083.5562 0.0000176837
1084.4540 0.0002909264
1085.3424 0.0141147460
1085.7932 0.0002274162
1086.5258 0.0000543732
1086.8992 0.0000454743
1087.1752 0.0000199508
1088.0812 0.0000349995
1090.7426 0.0000104445
1111.4439 0.0064379498
1114.9123 0.0001141420
1115.3372 0.0000860715
1115.8395 0.0011810810
1116.1801 0.0000160419
1116.2427 0.0007561125
1117.0127 0.0000127181
1117.2759 0.0000017563
1117.3892 0.0001551745
1118.6646 0.0000542686
1118.8366 0.0000244531
1119.0135 0.0000362480
