$runtype
which=0
/

$params
Elo=500d0
Ehi=615d0
dE=0.01d0
Broadtype=1
FWHM=1.0d0
/

PEAKS
518.1080 0.0017661791
519.4354 0.0009941916
519.9587 0.0015519353
520.0626 0.0007344675
520.2939 0.0000000000
520.7975 0.0030838499
520.9754 0.0004054441
521.1973 0.0047035342
521.6490 0.0002120652
521.9805 0.0000000000
522.4110 0.0075500673
522.7179 0.0091803652
523.0268 0.0035943979
523.6857 0.0038960678
523.9800 0.0030038209
524.1474 0.0021968201
524.3552 0.0062224317
524.7579 0.0010538347
525.0070 0.0022814614
525.3822 0.0017187414
525.6567 0.0003110921
525.8485 0.0060366108
525.9225 0.0000000000
525.9539 0.0022996165
526.0447 0.0025836245
526.3485 0.0081080683
526.4870 0.0050275884
526.6519 0.0006542122
526.6810 0.0000000000
526.7875 0.0016841807
526.9325 0.0002869919
527.1496 0.0000000000
527.1734 0.0046426863
527.2185 0.0000000000
527.4508 0.0016381526
527.4740 0.0005505876
527.6471 0.0024266122
527.9568 0.0012201174
528.0606 0.0022836801
528.3641 0.0061588187
528.4824 0.0008917085
528.7426 0.0005091094
528.9497 0.0015689452
529.0952 0.0023820766
529.4232 0.0010245015
529.7248 0.0000000000
529.7996 0.0029664889
530.2138 0.0014249541
530.4125 0.0000000000
530.7134 0.0006929411
531.0074 0.0010631188
531.1503 0.0043078473
531.3186 0.0000000000
531.4585 0.0007772455
531.7685 0.0010219335
532.3248 0.0004841181
532.4828 0.0011418206
532.7345 0.0003124829
532.9564 0.0005026021
533.1614 0.0017295918
533.3028 0.0000000000
533.4254 0.0014100937
534.0084 0.0003585707
534.1398 0.0001201617
534.3071 0.0001643943
534.4625 0.0000000000
534.7526 0.0016905168
535.2168 0.0005455209
535.4267 0.0002066166
536.3036 0.0019454982
536.4692 0.0004250443
536.7700 0.0014330097
537.1574 0.0008340118
537.3251 0.0021994236
537.4037 0.0000000000
537.7229 0.0005313556
537.8320 0.0000834582
538.1617 0.0003932741
538.5578 0.0012840470
538.6620 0.0000000000
538.7697 0.0003849403
539.0214 0.0003202129
539.5746 0.0004964083
539.7826 0.0006893305
540.0732 0.0001957829
540.2422 0.0000000000
540.4143 0.0012724197
540.7255 0.0010128324
540.7900 0.0001173209
540.9870 0.0001123074
541.4039 0.0004074512
541.5864 0.0012389461
541.7837 0.0030504574
541.9663 0.0013274880
542.0931 0.0000000000
542.1376 0.0012730344
542.3318 0.0003707406
542.6102 0.0000000000
542.6569 0.0004828280
542.8780 0.0002028202
542.9028 0.0030666321
543.1898 0.0049854227
543.5402 0.0003053014
543.7621 0.0028787104
544.0220 0.0024383104
544.2004 0.0005320955
544.8392 0.0029485405
545.2558 0.0012093736
545.3504 0.0018730999
546.2281 0.0004909638
546.4298 0.0025267320
546.7993 0.0004892694
546.9338 0.0000000000
547.2674 0.0011047836
547.3662 0.0009133433
547.5177 0.0000000000
547.7503 0.0018574250
548.1047 0.0004074491
548.2476 0.0047934664
548.4388 0.0039547283
548.6240 0.0054920119
549.0086 0.0000000000
549.0963 0.0016673890
549.2618 0.0028592737
549.6209 0.0047744595
549.6297 0.0000000000
549.8706 0.0004855656
549.9857 0.0045430150
550.2530 0.0023280472
550.4802 0.0006198893
550.6590 0.0021185626
551.0948 0.0015108782
551.3093 0.0042596219
551.4622 0.0026225243
551.6663 0.0010110024
551.8301 0.0000000000
552.1077 0.0016084226
552.3323 0.0000867029
552.4003 0.0004346209
552.9163 0.0018973255
553.4941 0.0017468875
553.7971 0.0011480153
554.2016 0.0000000000
554.5554 0.0023312285
554.7022 0.0026664832
554.9299 0.0016818182
555.3212 0.0035507283
555.4691 0.0007377813
555.8813 0.0000618487
556.3736 0.0011285537
