$runtype
which=0
/

$params
Elo=500d0
Ehi=1250d0
dE=0.01d0
Broadtype=1
FWHM=2.0d0
/

PEAKS
518.2335 0.0000000000
518.8987 0.0093234587
520.0065 0.0000000000
520.5503 0.0215473471
524.1254 0.0000000000
524.5644 0.0113559145
524.6459 0.0000000000
524.7439 0.0000000000
524.9075 0.0065330779
525.0360 0.0000000000
525.2795 0.0274044291
525.5562 0.0170152379
527.4497 0.0000000000
528.0003 0.0261153460
528.5154 0.0000000000
528.6072 0.0019635763
529.9393 0.0000000000
529.9399 0.0000000000
531.2479 0.0000000000
531.2725 0.0010790476
532.2265 0.0000000000
532.9407 0.0003045206
536.0392 0.0000000000
536.0558 0.0007118805
537.3437 0.0000000000
537.4088 0.0025502391
538.5352 0.0000000000
538.5366 0.0000024096
540.0227 0.0000000000
540.2978 0.0113359524
540.4346 0.0000000000
540.7761 0.0057793932
545.2735 0.0000000000
545.2773 0.0000000000
545.3261 0.0000000000
545.3300 0.0000137251
546.0806 0.0000000000
546.5894 0.0054682381
546.6516 0.0000000000
546.9398 0.0267374543
549.1920 0.0000000000
549.8799 0.0292944691
550.1099 0.0000000000
551.5478 0.0584952929
554.6424 0.0000000000
554.6673 0.0013940295
557.1550 0.0000000000
557.2833 0.0004589705
558.5589 0.0000000000
559.4950 0.0182640944
559.6616 0.0000000000
559.7608 0.0042209787
560.0294 0.0000000000
560.0301 0.0000000000
564.2796 0.0000000000
564.3470 0.0027125651
564.5897 0.0000000000
564.6564 0.0024114634
564.6655 0.0000000000
564.8985 0.0053990504
566.3125 0.0000000000
566.6470 0.0148315184
566.8762 0.0000000000
566.8765 0.0000000000
567.3450 0.0000000000
567.7761 0.0001503204
570.0383 0.0000000000
570.0433 0.0000038735
572.4697 0.0000000000
572.4757 0.0000000000
572.5265 0.0000000000
572.6153 0.0033413970
577.0552 0.0000000000
577.0862 0.0002524863
579.3396 0.0000000000
579.5581 0.0078907097
580.5684 0.0000000000
580.9072 0.0006136760
583.3262 0.0000000000
584.4379 0.0000000000
584.4578 0.0099174639
584.5659 0.0050390971
588.3666 0.0000000000
588.3876 0.0000000000
588.7417 0.0000000000
588.8290 0.0022092458
590.6971 0.0000000000
590.7324 0.0007074920
591.7096 0.0000000000
591.7408 0.0008667352
595.3103 0.0000000000
595.4468 0.0048302081
595.7334 0.0000000000
596.1459 0.0027060442
599.8194 0.0000000000
599.9591 0.0046951010
603.5055 0.0000000000
603.7552 0.0073385336
606.2811 0.0000000000
606.6888 0.0085527987
609.1546 0.0000000000
609.7234 0.0049847041
611.1656 0.0000000000
611.2002 0.0000000000
611.9072 0.0000000000
612.0315 0.0000000000
612.1726 0.0040288201
612.1731 0.0000000000
613.0791 0.0280729237
613.3534 0.0383566502
619.8733 0.0000000000
620.2340 0.0123088016
621.3458 0.0000000000
621.3478 0.0000000000
624.3477 0.0000000000
624.3813 0.0000000000
624.4182 0.0012476174
625.7851 0.0000000000
626.3724 0.0065643770
626.6260 0.0786385945
634.3576 0.0000000000
634.3680 0.0000169382
637.3780 0.0000000000
637.7698 0.0073348981
637.9803 0.0000000000
637.9849 0.0000000000
638.3941 0.0000000000
638.5541 0.0055284169
639.2948 0.0000000000
639.3053 0.0003709106
640.9531 0.0000000000
640.9559 0.0000000000
641.7569 0.0000000000
641.7701 0.0000352317
642.5694 0.0000000000
642.8924 0.0017419790
645.7740 0.0000000000
645.8369 0.0015092790
646.1845 0.0000000000
646.2920 0.0032253213
646.8855 0.0000000000
647.4390 0.0221068106
649.9222 0.0000000000
649.9223 0.0000000000
651.1066 0.0000000000
651.6958 0.0186567289
655.2925 0.0000000000
655.3867 0.0000111384
658.0790 0.0000000000
658.3729 0.0089227099
661.0614 0.0000000000
661.0688 0.0000000000
662.3400 0.0000000000
662.4289 0.0031107275
662.7188 0.0000000000
664.8936 0.0419886500
669.6981 0.0000000000
670.6622 0.0315376475
671.6840 0.0000000000
671.7305 0.0008560941
676.6301 0.0000000000
676.6572 0.0000001974
680.2437 0.0000000000
680.2944 0.0000000000
686.0909 0.0000000000
686.1496 0.0000000000
686.2226 0.0014981258
686.8373 0.0240675300
689.3651 0.0000000000
690.0564 0.0125205961
695.0999 0.0000000000
695.3457 0.0031169370
697.0991 0.0000000000
697.1323 0.0001418278
699.1890 0.0000000000
699.5774 0.0052440934
701.1285 0.0000000000
701.1425 0.0000000000
701.7643 0.0000000000
702.0649 0.0093422890
703.7557 0.0000000000
703.8038 0.0020650654
705.0464 0.0000000000
705.0652 0.0002317689
708.9063 0.0000000000
709.4785 0.0000000000
709.4818 0.0000012360
710.5579 0.0150768723
712.3624 0.0000000000
712.6802 0.0050688449
717.0528 0.0000000000
717.0570 0.0000000000
718.9544 0.0000000000
719.4960 0.0152345678
722.4264 0.0000000000
722.4655 0.0012439871
727.1117 0.0000000000
727.2762 0.0000000000
727.8912 0.0000000000
727.9365 0.0000000000
728.1753 0.0013617360
728.5496 0.0008726112
738.0056 0.0000000000
738.3878 0.0011316898
748.4245 0.0000000000
749.0384 0.0156054871
759.8404 0.0000000000
760.9791 0.0000000000
761.0837 0.0258083123
761.1298 0.0000000000
761.2729 0.0055684955
761.8401 0.0138529254
778.7309 0.0000000000
779.2091 0.0000000000
779.2259 0.0020346969
779.4263 0.0000034644
780.6048 0.0000000000
780.7954 0.0000000000
829.8683 0.0000000000
835.4779 0.0000000000
835.4807 0.0000000000
837.4544 0.0000000000
837.4917 0.0005248245
839.8688 0.0000000000
839.8722 0.0000000250
840.1079 0.0018574758
843.1739 0.0000000000
843.3044 0.0015968252
845.5404 0.0000000000
845.8886 0.0049480239
848.5593 0.0000000000
848.5625 0.0000000000
848.7028 0.0000000000
848.7171 0.0001840731
849.3997 0.0000000000
849.4028 0.0000145304
849.8154 0.0000000000
849.9303 0.0011136253
852.5553 0.0000000000
852.7098 0.0016405696
852.8555 0.0000000000
852.8573 0.0000140148
855.2648 0.0000000000
855.5996 0.0000000000
855.6002 0.0000000000
856.0607 0.0104183455
858.6584 0.0000000000
858.6950 0.0003605067
860.1121 0.0000000000
860.7337 0.0072416729
862.8462 0.0000000000
862.9613 0.0000000000
862.9743 0.0000000000
863.4581 0.0092727487
866.5251 0.0000000000
866.5578 0.0003457358
868.3205 0.0000000000
868.7889 0.0000000000
868.8765 0.0012783263
870.5023 0.0327547886
876.8645 0.0000000000
876.8664 0.0000150209
878.1913 0.0000000000
878.1931 0.0000000000
880.4359 0.0000000000
880.4713 0.0003479717
880.5002 0.0000000000
880.5118 0.0001497339
882.4422 0.0000000000
882.4497 0.0000000000
883.1774 0.0000000000
883.6531 0.0056041581
884.7394 0.0000000000
884.7638 0.0001390303
886.7728 0.0000000000
886.7778 0.0000000000
887.3723 0.0000000000
887.4562 0.0010627751
891.6774 0.0000000000
891.7374 0.0000000000
891.9842 0.0009012462
892.1958 0.0079182958
893.5926 0.0000000000
894.3407 0.0078694089
899.4263 0.0000000000
899.4293 0.0000152944
902.2719 0.0000000000
902.2735 0.0000000000
902.5948 0.0000000000
904.2648 0.0000000000
904.3218 0.0281444825
906.7554 0.0273336842
914.7089 0.0000000000
914.7140 0.0000067668
916.2935 0.0000000000
916.3593 0.0009899896
921.4028 0.0000000000
928.4731 0.0684798204
939.2784 0.0000000000
939.3825 0.0003899709
940.5566 0.0000000000
940.5918 0.0002242709
944.7316 0.0000000000
944.7439 0.0000000000
945.9896 0.0000000000
946.9935 0.0000000000
947.0348 0.0001997310
950.5044 0.0000000000
952.6926 0.0088735803
953.1906 0.0000000000
953.3860 0.0000000000
953.8618 0.0057740892
954.3356 0.1374710323
954.5627 0.0252775098
956.8909 0.0000000000
958.4332 0.0226672231
959.9470 0.0000000000
959.9931 0.0004153731
961.9171 0.0000000000
961.9347 0.0000000000
971.5855 0.0000000000
971.6414 0.0003101616
977.3342 0.0000000000
978.6360 0.0000000000
978.7964 0.0007770065
979.6903 0.0221410713
982.8776 0.0000000000
982.9782 0.0000000000
984.3230 0.0000000000
985.3016 0.0117368258
991.2400 0.0000000000
991.5393 0.0026814367
994.7057 0.0000000000
997.1779 0.0000000000
997.3625 0.0007453921
998.0105 0.0485601231
1001.9769 0.0000000000
1005.2586 0.0358247376
1010.8328 0.0000000000
1010.8646 0.0000000000
1011.7790 0.0000000000
1011.8715 0.0000000311
1013.6797 0.0000000000
1013.7759 0.0000581078
1014.2567 0.0000000000
1014.5893 0.0033261283
1020.7439 0.0000000000
1022.2927 0.0198891686
1028.5862 0.0000000000
1028.8525 0.0014400845
1029.8438 0.0000000000
1029.8885 0.0000000000
1040.6448 0.0000000000
1040.7162 0.0000000000
1041.0656 0.0003549604
1041.1902 0.0000000000
1041.2199 0.0000000000
1041.2231 0.0000000000
1041.3639 0.0002121489
1041.5178 0.0005194439
1049.0922 0.0000000000
1049.1609 0.0000000000
1049.9492 0.0043045282
1050.0962 0.0016315752
1071.9644 0.0000000000
1074.1424 0.0053373870
1080.8229 0.0000000000
1082.5362 0.0156226953
1102.1634 0.0000000000
1104.9106 0.0079298792
1105.5793 0.0000000000
1108.1136 0.0134015264
1114.4743 0.0000000000
1116.1339 0.0000000000
1139.8203 0.0000000000
1140.5364 0.0011960197
1143.0395 0.0000000000
1143.1560 0.0000000000
1143.4132 0.0015614453
1144.1425 0.0000000000
1145.7125 0.0000000000
1146.9972 0.0006466705
1171.6893 0.0000000000
1175.0256 0.0243468974
1186.0616 0.0000000000
1188.3650 0.0000165785
1190.1601 0.0000000000
1195.7696 0.0462628103
1219.7682 0.0000000000
1221.0320 0.0002409442
